2 0.845011 0.87439 0.191926 0.211231
2 0.150942 0.693467 0.133609 0.170628
2 0.194135 0.563417 0.105201 0.139082
2 0.67748 0.210066 0.0683147 0.0686159
2 0.430147 0.711313 0.139661 0.191643
2 0.513448 0.924325 0.173688 0.135333
2 0.650521 0.56095 0.119139 0.145008
2 0.669665 0.287627 0.0806613 0.089483
2 0.394964 0.461371 0.0886468 0.113158
2 0.139986 0.938287 0.184052 0.111128
2 0.530392 0.213847 0.0613625 0.0633929
7 0.820603 0.32569 0.125043 0.208841
2 0.166364 0.251871 0.0525347 0.0718856
2 0.541873 0.167026 0.0543713 0.0609912
2 0.468583 0.293066 0.0786244 0.117396
2 0.471474 0.141472 0.051538 0.0515665
2 0.29378 0.267054 0.0619233 0.0736801
2 0.446262 0.17036 0.0539331 0.0580907
2 0.319324 0.304617 0.0630506 0.079134
2 0.528605 0.37602 0.0861652 0.1114
2 0.558101 0.128463 0.0587906 0.0611201
2 0.355038 0.337869 0.0719836 0.0851443
2 0.896841 0.246939 0.0785081 0.0831869
2 0.724382 0.191124 0.0642254 0.0582168
2 0.343544 0.216143 0.0587397 0.0643756
2 0.383896 0.389662 0.090527 0.101227
