0 0.528503 0.66623 0.729986 0.664384
0 0.551461 0.64674 0.729303 0.703347
0 0.547515 0.648446 0.717413 0.699871
0 0.547466 0.647602 0.724551 0.701738
0 0.547786 0.648199 0.719935 0.700373
0 0.548611 0.648745 0.718129 0.699316
0 0.548977 0.647986 0.725835 0.70071
0 0.547171 0.647141 0.719553 0.702733
0 0.546617 0.64659 0.719603 0.703729
0 0.548211 0.645008 0.720107 0.706536
0 0.546907 0.6453 0.712026 0.706096
0 0.55115 0.644589 0.726156 0.707393
0 0.545984 0.645369 0.714122 0.706003
0 0.549666 0.64675 0.718033 0.703269
0 0.546719 0.646409 0.722034 0.704032
0 0.546021 0.64649 0.714781 0.703665
0 0.547141 0.646494 0.717686 0.70386
0 0.54799 0.647281 0.717477 0.70228
0 0.549418 0.647185 0.719142 0.702104
0 0.547667 0.644723 0.722322 0.707446
0 0.546291 0.646345 0.717105 0.704385
0 0.545407 0.645109 0.716994 0.706807
0 0.542498 0.646616 0.719266 0.705102
0 0.546091 0.646921 0.715313 0.703255
0 0.550096 0.644218 0.731518 0.708618
0 0.548077 0.643977 0.722244 0.709087
0 0.549977 0.645861 0.729356 0.705316
0 0.54784 0.645479 0.718002 0.70622
0 0.546977 0.645989 0.721338 0.705091
0 0.549502 0.644409 0.73078 0.708351
0 0.548362 0.63854 0.727774 0.719835
0 0.548491 0.647772 0.719545 0.701095
0 0.549465 0.643256 0.732343 0.710502
0 0.550221 0.639395 0.727641 0.718233
0 0.550906 0.644707 0.73007 0.707337
0 0.545359 0.643128 0.721126 0.711518
0 0.547749 0.64344 0.720151 0.710007
0 0.550775 0.645658 0.723226 0.70573
0 0.54753 0.641506 0.730036 0.713525
0 0.552393 0.643545 0.732562 0.7097
0 0.549332 0.645764 0.718302 0.705522
0 0.550185 0.644909 0.723315 0.707166
0 0.546989 0.643518 0.726354 0.709959
0 0.55187 0.642234 0.727629 0.712442
0 0.549936 0.643052 0.728999 0.710839
0 0.548121 0.645289 0.721226 0.706525
0 0.55255 0.640597 0.728766 0.715694
0 0.550969 0.642578 0.730562 0.711734
0 0.548765 0.641402 0.721908 0.714046
0 0.550189 0.643916 0.725742 0.709051
0 0.549482 0.642807 0.72002 0.711201
0 0.549434 0.643417 0.723237 0.709986
0 0.548219 0.642143 0.72069 0.712308
0 0.554763 0.6428 0.731334 0.711417
0 0.550684 0.643995 0.725596 0.708775
0 0.550002 0.642021 0.722487 0.712803
0 0.551143 0.642722 0.724028 0.711298
0 0.548222 0.642662 0.721553 0.711679
0 0.54966 0.642376 0.717769 0.712061
0 0.549295 0.644482 0.725527 0.708113
0 0.546761 0.641994 0.728525 0.7131
0 0.550925 0.642188 0.730517 0.712289
0 0.548613 0.645775 0.723168 0.705331
0 0.555479 0.645174 0.72949 0.707689
0 0.554176 0.648879 0.721281 0.698877
0 0.555046 0.645025 0.730058 0.706672
0 0.554147 0.642329 0.732087 0.712362
0 0.560055 0.642668 0.743657 0.712459
0 0.570114 0.632007 0.763467 0.733692
0 0.552483 0.634402 0.737371 0.728094
0 0.554697 0.619328 0.763782 0.759073
27 0.460129 0.979343 0.0835888 0.0405284
0 0.544657 0.624565 0.751949 0.74862
27 0.45822 0.98359 0.0780409 0.0320356
0 0.551866 0.625862 0.755794 0.745998
27 0.458788 0.98374 0.0772887 0.0318555
0 0.546887 0.628613 0.747318 0.739952
27 0.456215 0.982845 0.0794811 0.0330481
0 0.551388 0.627863 0.746891 0.741357
27 0.457959 0.981873 0.0837625 0.0349642
0 0.563665 0.622317 0.766058 0.753132
27 0.456833 0.979527 0.0849956 0.0402524
0 0.541457 0.624503 0.728808 0.748678
27 0.45915 0.979207 0.0869249 0.0404526
0 0.480371 0.626764 0.609355 0.745939
27 0.462151 0.979346 0.0948141 0.0405759
0 0.486641 0.63749 0.868962 0.72407
0 0.547898 0.626592 0.738448 0.744519
27 0.457199 0.981109 0.0824358 0.0370771
0 0.552105 0.625923 0.749103 0.745998
27 0.458021 0.982007 0.0794859 0.0352862
0 0.476489 0.618061 0.620223 0.763224
27 0.460818 0.975201 0.0906679 0.0487921
0 0.468806 0.618923 0.60519 0.761564
0 0.495568 0.628919 0.861187 0.740968
27 0.461509 0.976538 0.0962349 0.0461604
0 0.475716 0.624867 0.597376 0.749505
0 0.487487 0.628338 0.863478 0.742302
27 0.457708 0.980773 0.0822247 0.0378203
27 0.442444 0.981681 0.0515368 0.0353943
0 0.546603 0.620525 0.743746 0.756407
27 0.458086 0.980937 0.0837484 0.0374413
0 0.545908 0.624478 0.749112 0.748114
27 0.457787 0.98271 0.0812839 0.0339307
0 0.554466 0.617394 0.779539 0.762922
27 0.459307 0.977633 0.0851568 0.0439663
0 0.555155 0.62008 0.762337 0.757418
27 0.458867 0.980395 0.0826717 0.0380533
0 0.557064 0.621117 0.764056 0.755489
27 0.457917 0.980381 0.0850887 0.0385076
0 0.557924 0.621534 0.764802 0.754677
27 0.457924 0.979269 0.0851607 0.040728
0 0.554965 0.619527 0.764799 0.758494
27 0.458005 0.978159 0.0876721 0.0429114
0 0.550433 0.619703 0.7543 0.758069
27 0.459576 0.977374 0.0911861 0.0444867
0 0.552484 0.622705 0.762296 0.752086
27 0.458737 0.975187 0.0922779 0.0488157
0 0.555528 0.623078 0.763735 0.751281
27 0.458884 0.974828 0.0927702 0.0495758
0 0.564346 0.617568 0.798326 0.762509
27 0.458489 0.97666 0.0892912 0.0459333
0 0.554382 0.618974 0.764833 0.759593
27 0.457593 0.977893 0.0880245 0.0434227
0 0.560306 0.619951 0.779654 0.757694
27 0.45801 0.978557 0.0869373 0.042143
0 0.551126 0.619055 0.781534 0.759733
27 0.459134 0.977017 0.0882947 0.0452321
0 0.554195 0.616788 0.780515 0.763963
27 0.459463 0.977693 0.0886221 0.0438385
0 0.558239 0.61865 0.777103 0.760242
27 0.459275 0.979186 0.0855515 0.0408885
0 0.557299 0.617169 0.780718 0.763273
27 0.4591 0.977902 0.0847785 0.0434586
0 0.552651 0.619936 0.778661 0.757496
27 0.458933 0.97791 0.0848158 0.0434464
0 0.549709 0.62022 0.763184 0.756945
27 0.459123 0.978795 0.0865438 0.0416286
0 0.546456 0.618303 0.776344 0.761113
27 0.461252 0.978012 0.0893291 0.0432343
0 0.547535 0.617205 0.766677 0.763345
27 0.461216 0.978087 0.0904268 0.0430349
0 0.556385 0.619533 0.775027 0.758438
27 0.45885 0.977343 0.0888693 0.0445684
0 0.55149 0.617512 0.776383 0.762422
27 0.459813 0.976649 0.0921017 0.0459997
0 0.558694 0.620094 0.796548 0.757533
27 0.458677 0.975338 0.0932305 0.048554
0 0.554188 0.618906 0.787025 0.75961
27 0.457881 0.974539 0.0920528 0.0501183
0 0.550928 0.62054 0.784728 0.756575
27 0.458819 0.974794 0.0934536 0.0495784
0 0.55748 0.617553 0.783929 0.762576
27 0.459013 0.976097 0.0925974 0.0470189
0 0.558473 0.618221 0.778118 0.761236
27 0.458847 0.976731 0.0912885 0.0458112
0 0.549388 0.618349 0.76554 0.761028
27 0.458867 0.977378 0.0860592 0.0445208
0 0.555264 0.6165 0.771939 0.764658
27 0.459786 0.977497 0.0871928 0.0441889
0 0.541055 0.619279 0.756013 0.759174
27 0.45948 0.978077 0.0873491 0.0430875
0 0.55648 0.616549 0.780567 0.764366
27 0.460008 0.977595 0.0873727 0.0436684
0 0.552828 0.617102 0.777857 0.763643
27 0.459077 0.977687 0.0868313 0.0438344
0 0.550634 0.617432 0.771695 0.762813
27 0.458244 0.977863 0.0860004 0.0435626
0 0.55005 0.616669 0.769042 0.764244
27 0.460735 0.976966 0.0922684 0.0453046
0 0.55057 0.614318 0.770719 0.768987
27 0.459607 0.977 0.0903604 0.0452159
0 0.5496 0.6196 0.74443 0.75835
27 0.456846 0.981004 0.084314 0.0372904
0 0.559187 0.640285 0.744082 0.717337
0 0.463137 0.664198 0.524994 0.670326
0 0.493459 0.662867 0.584216 0.672884
0 0.543754 0.662862 0.696804 0.672624
0 0.467235 0.655234 0.545799 0.687848
0 0.462629 0.662531 0.518284 0.67362
0 0.466931 0.660647 0.525253 0.677501
0 0.465368 0.661132 0.527124 0.676548
0 0.540181 0.663378 0.676674 0.671454
0 0.462084 0.65997 0.513195 0.678844
0 0.487572 0.661914 0.567659 0.674756
0 0.48141 0.661376 0.559932 0.675898
0 0.464876 0.660828 0.525031 0.676958
0 0.463529 0.66196 0.532454 0.674601
0 0.509387 0.662906 0.610122 0.672723
0 0.465447 0.66231 0.518236 0.67407
0 0.494054 0.663497 0.579129 0.671641
0 0.474516 0.663928 0.547249 0.670841
0 0.483579 0.665001 0.553399 0.668746
0 0.538139 0.66757 0.670753 0.663404
0 0.486624 0.663167 0.567406 0.67224
0 0.479755 0.662189 0.552966 0.674218
0 0.542356 0.662177 0.695279 0.673874
0 0.545341 0.660049 0.69754 0.678049
0 0.490524 0.633745 0.617252 0.729858
0 0.572423 0.619312 0.79779 0.758944
27 0.481243 0.978402 0.090803 0.0424847
0 0.571278 0.622501 0.777632 0.752026
27 0.486275 0.980982 0.0839587 0.0372887
0 0.568461 0.620815 0.769047 0.755689
27 0.487246 0.981959 0.0814867 0.0352862
0 0.57134 0.62289 0.770125 0.751608
27 0.486419 0.983477 0.080223 0.0322444
0 0.562364 0.62515 0.761001 0.746929
27 0.482879 0.981536 0.0846241 0.0356269
0 0.572741 0.61773 0.785853 0.761975
27 0.481335 0.98005 0.0870545 0.0387321
0 0.567313 0.619271 0.777326 0.758914
27 0.47979 0.979817 0.0852076 0.0391286
0 0.572014 0.622239 0.795489 0.753068
27 0.476129 0.980712 0.0855806 0.0377209
0 0.567719 0.620428 0.76098 0.756698
27 0.475921 0.98292 0.0817814 0.0333407
0 0.571315 0.621428 0.776617 0.754638
27 0.478828 0.980133 0.0859231 0.0386274
0 0.572334 0.621407 0.774384 0.754494
27 0.478 0.980247 0.0854324 0.0386234
0 0.570803 0.624372 0.774042 0.748694
27 0.476156 0.980951 0.0836932 0.0372449
0 0.48892 0.633212 0.597926 0.731044
27 0.475734 0.983159 0.0817661 0.0328646
0 0.528547 0.627404 0.680001 0.744691
27 0.476003 0.983695 0.0816671 0.0318278
0 0.567591 0.622875 0.762218 0.751866
27 0.476024 0.98499 0.081085 0.0292419
0 0.525007 0.627738 0.670309 0.743638
27 0.475717 0.985241 0.0807693 0.0287638
0 0.571266 0.625188 0.766029 0.747247
27 0.474901 0.985652 0.0790832 0.027905
0 0.569873 0.62384 0.76664 0.749908
27 0.474441 0.985565 0.0779091 0.0280871
0 0.565544 0.623803 0.753677 0.750076
27 0.475992 0.98561 0.0816117 0.0280066
0 0.514345 0.628053 0.649717 0.743118
27 0.476622 0.985551 0.0832087 0.0281676
0 0.567312 0.625301 0.75616 0.747069
27 0.47571 0.985512 0.0804385 0.028212
0 0.566074 0.625564 0.756995 0.746603
27 0.476425 0.986034 0.0820503 0.0271495
0 0.565783 0.625777 0.759119 0.74618
27 0.474457 0.985658 0.0793113 0.0278847
0 0.512705 0.628681 0.646255 0.741856
27 0.47468 0.985819 0.0786848 0.0275693
0 0.56671 0.623051 0.756793 0.751638
27 0.475025 0.985214 0.0803997 0.0288139
0 0.566236 0.625315 0.759142 0.747094
27 0.475084 0.985143 0.0793026 0.0289472
0 0.566866 0.62878 0.76169 0.740083
27 0.474699 0.984684 0.0786518 0.0298538
0 0.565811 0.629096 0.758656 0.739296
27 0.47509 0.98284 0.0818913 0.0335126
0 0.559508 0.626847 0.741909 0.744144
27 0.474858 0.982566 0.0819703 0.0340307
0 0.567129 0.63094 0.762284 0.735731
27 0.47547 0.982924 0.0835345 0.0333491
0 0.565132 0.631275 0.752036 0.735192
27 0.474252 0.984117 0.080822 0.030941
0 0.562492 0.626836 0.743256 0.743973
27 0.473057 0.984525 0.079635 0.0301465
0 0.5659 0.626954 0.753539 0.743838
27 0.472827 0.984592 0.0789604 0.0299871
0 0.562535 0.625628 0.74946 0.746527
27 0.472919 0.985648 0.0784595 0.0279282
0 0.567172 0.625924 0.752691 0.745606
27 0.471826 0.986576 0.075115 0.0260546
0 0.56221 0.623516 0.747793 0.750581
27 0.47283 0.985735 0.076296 0.0277519
0 0.565409 0.621711 0.752437 0.754249
27 0.472497 0.98612 0.0757287 0.0269627
0 0.567988 0.625115 0.755612 0.747203
27 0.471791 0.986838 0.0746042 0.025536
0 0.563552 0.62587 0.744453 0.745925
27 0.468487 0.987358 0.0763859 0.0245275
0 0.562729 0.631017 0.747772 0.735655
27 0.467435 0.987133 0.0745047 0.0249658
0 0.560882 0.633146 0.742492 0.73025
27 0.468159 0.987919 0.0748571 0.0234192
0 0.559734 0.630476 0.735708 0.736808
27 0.468188 0.987426 0.0758272 0.0243637
0 0.560654 0.628739 0.73661 0.740346
0 0.563713 0.629835 0.740898 0.73828
27 0.469793 0.986981 0.0742077 0.0252411
0 0.560194 0.633999 0.734283 0.728742
27 0.470136 0.986996 0.0741634 0.0252195
0 0.561544 0.630728 0.739404 0.736489
27 0.469793 0.986835 0.0740152 0.0255329
0 0.562832 0.627443 0.745274 0.742932
27 0.468703 0.984886 0.079557 0.029464
0 0.536657 0.629197 0.693398 0.740901
27 0.468393 0.9828 0.0811516 0.0336077
0 0.566684 0.626118 0.75544 0.745445
27 0.469923 0.983043 0.0831055 0.0331439
0 0.570562 0.625516 0.762972 0.746721
27 0.46973 0.981654 0.0825642 0.0358617
0 0.568781 0.626595 0.758577 0.744521
27 0.469434 0.982607 0.0816239 0.0339945
0 0.566508 0.629727 0.753953 0.738264
27 0.469767 0.983603 0.0810007 0.0320183
0 0.567522 0.628302 0.750936 0.741081
27 0.469606 0.984569 0.0797766 0.0300868
0 0.568859 0.626859 0.754427 0.743903
27 0.469444 0.985755 0.0792597 0.027715
0 0.56652 0.626235 0.748926 0.745284
27 0.469347 0.98621 0.0783536 0.0268023
0 0.564331 0.627336 0.742862 0.74305
27 0.469143 0.985937 0.0773495 0.0273382
0 0.565737 0.626146 0.750089 0.745432
27 0.470176 0.986862 0.0774854 0.025503
0 0.560908 0.62669 0.743783 0.74321
0 0.561842 0.629212 0.740845 0.739394
27 0.467709 0.987484 0.0744605 0.0243014
0 0.563719 0.626005 0.745078 0.745572
27 0.466622 0.987714 0.0750548 0.0238319
0 0.562681 0.626937 0.745592 0.743815
0 0.561452 0.627327 0.744374 0.743049
0 0.560119 0.626591 0.736942 0.743542
0 0.558791 0.626528 0.741103 0.743672
0 0.558458 0.627432 0.739297 0.743044
27 0.465506 0.987604 0.0742924 0.0240308
0 0.560723 0.626791 0.740182 0.743121
0 0.561722 0.624923 0.744558 0.748004
0 0.560181 0.629219 0.740945 0.739335
27 0.465036 0.987378 0.073329 0.0244916
0 0.561122 0.626922 0.754498 0.743889
27 0.46528 0.986172 0.0776757 0.0268894
0 0.563379 0.623853 0.754711 0.749964
27 0.466447 0.985998 0.0816359 0.0272275
0 0.562837 0.626181 0.751423 0.744441
27 0.466046 0.985582 0.0808882 0.0280593
0 0.561162 0.626227 0.749639 0.745268
27 0.465146 0.985146 0.0806988 0.0289522
0 0.562797 0.62802 0.751024 0.741582
27 0.465582 0.985328 0.0807771 0.0285501
0 0.559563 0.62902 0.754013 0.739879
27 0.465331 0.984476 0.0813982 0.0302699
0 0.562247 0.628749 0.749532 0.740232
27 0.465031 0.984423 0.0806747 0.0303391
0 0.55957 0.629876 0.743142 0.738083
27 0.466255 0.984348 0.0826966 0.0305397
0 0.557769 0.627711 0.740401 0.742424
27 0.465515 0.985171 0.0812552 0.0288882
0 0.566118 0.627454 0.7563 0.742725
27 0.465784 0.985437 0.0809132 0.0283134
0 0.563657 0.62953 0.748559 0.737709
27 0.463658 0.986399 0.0768677 0.0264112
0 0.561984 0.628666 0.74253 0.740393
27 0.464588 0.986561 0.0774155 0.0260966
0 0.563775 0.630035 0.745768 0.737646
27 0.46313 0.986983 0.0743486 0.0252491
0 0.556226 0.628942 0.732902 0.738915
0 0.561443 0.626657 0.742972 0.744329
27 0.463367 0.987087 0.0745869 0.0250804
0 0.566562 0.629076 0.755543 0.739602
27 0.463824 0.987139 0.0736542 0.0249489
0 0.560903 0.627343 0.741099 0.7431
27 0.465634 0.987535 0.0747 0.0241783
0 0.557739 0.626659 0.734594 0.743535
27 0.465966 0.987929 0.0745951 0.0234332
0 0.558038 0.629027 0.735336 0.738886
0 0.561312 0.629286 0.741626 0.739205
0 0.557446 0.628674 0.734246 0.73964
27 0.464989 0.987656 0.0719316 0.0240466
0 0.558035 0.629542 0.736948 0.738643
27 0.464556 0.987244 0.0742036 0.0247752
0 0.558616 0.629545 0.736241 0.738669
27 0.464974 0.986872 0.0775782 0.0254773
0 0.560833 0.630461 0.741667 0.736659
27 0.465661 0.985965 0.0810493 0.0272921
0 0.556375 0.630465 0.733612 0.735991
27 0.466073 0.985311 0.0817749 0.0285878
0 0.558547 0.627575 0.73922 0.742394
27 0.466663 0.986048 0.0809219 0.0271375
0 0.560314 0.630162 0.742768 0.737345
27 0.46712 0.986676 0.0789038 0.0258541
0 0.567393 0.625858 0.757264 0.745883
27 0.467607 0.986535 0.0776845 0.0261579
0 0.565797 0.626646 0.753217 0.744395
27 0.466627 0.986435 0.0772569 0.0263318
0 0.56347 0.625732 0.754956 0.746224
27 0.466602 0.986594 0.0791307 0.026024
0 0.566343 0.626808 0.753981 0.744085
27 0.466154 0.986994 0.0756107 0.0252346
0 0.566224 0.626322 0.752783 0.745069
0 0.563503 0.623648 0.749434 0.750587
0 0.56803 0.629289 0.754821 0.738246
27 0.466627 0.987216 0.076156 0.0247896
0 0.565049 0.625758 0.75301 0.746269
27 0.466285 0.986365 0.0787142 0.0264784
0 0.565251 0.627087 0.754467 0.743528
27 0.466277 0.985779 0.0803753 0.0276614
0 0.557905 0.625841 0.748022 0.746157
27 0.466887 0.984677 0.0817898 0.029895
0 0.565385 0.626604 0.752374 0.744699
27 0.467381 0.983457 0.0822268 0.0323733
0 0.565935 0.630594 0.757059 0.736716
27 0.468553 0.982029 0.0856801 0.0351583
0 0.561517 0.630382 0.747416 0.737095
27 0.468339 0.984326 0.0818614 0.0305964
0 0.558249 0.626584 0.739971 0.744702
27 0.467344 0.985077 0.0794151 0.029092
0 0.563856 0.626937 0.748287 0.743789
27 0.466739 0.986182 0.0787359 0.02686
0 0.561509 0.626949 0.740964 0.743729
27 0.466565 0.986569 0.0766321 0.0261196
0 0.567817 0.626516 0.756528 0.744651
27 0.467027 0.986957 0.0777424 0.0253183
0 0.56016 0.627952 0.745446 0.741961
27 0.467802 0.987229 0.0758755 0.0247622
0 0.565622 0.628453 0.750241 0.740811
27 0.467533 0.987055 0.0754713 0.0251104
0 0.563049 0.628488 0.744718 0.740754
27 0.467142 0.987265 0.0746981 0.024707
0 0.562507 0.62771 0.744102 0.742154
27 0.467433 0.987054 0.0759634 0.0250954
0 0.565739 0.626136 0.751866 0.745363
27 0.465708 0.986153 0.0776262 0.0268901
0 0.562102 0.627439 0.746537 0.742895
27 0.46723 0.985819 0.0790829 0.0275757
0 0.562499 0.625734 0.751909 0.746217
27 0.46707 0.984428 0.0807751 0.0303641
0 0.564817 0.631177 0.758044 0.735238
27 0.467002 0.982619 0.0824049 0.0340017
0 0.561733 0.629458 0.747154 0.738647
27 0.467405 0.983869 0.0820397 0.0315089
0 0.566831 0.628115 0.753075 0.741579
27 0.4674 0.984808 0.0809521 0.0296445
0 0.564874 0.624425 0.755529 0.748854
27 0.46721 0.985672 0.0800642 0.0278539
0 0.568918 0.62534 0.761129 0.746921
27 0.46677 0.986529 0.0789042 0.0261431
0 0.563322 0.625454 0.748226 0.746552
27 0.465942 0.987338 0.0751034 0.0245232
0 0.567905 0.622721 0.774308 0.752252
27 0.46697 0.984432 0.0831013 0.0303761
0 0.560317 0.62657 0.745235 0.743595
27 0.466097 0.986544 0.0791367 0.0261202
0 0.567149 0.62723 0.75718 0.743192
27 0.465715 0.98643 0.0784221 0.0263323
0 0.563403 0.625557 0.763439 0.746397
27 0.466388 0.986463 0.0790165 0.0262576
0 0.562807 0.627461 0.772633 0.742645
27 0.466435 0.98573 0.0806958 0.0277634
0 0.559515 0.62985 0.745265 0.737852
27 0.465696 0.986169 0.0788313 0.026856
0 0.566371 0.628699 0.769908 0.740071
27 0.467024 0.983689 0.0823854 0.031855
0 0.569183 0.626877 0.770466 0.743763
27 0.468252 0.98095 0.0839151 0.0369939
0 0.565306 0.62857 0.762907 0.740475
27 0.469098 0.980084 0.0875679 0.0390305
0 0.563359 0.62727 0.751207 0.742945
27 0.467142 0.98496 0.080983 0.0293159
0 0.564997 0.627466 0.750703 0.742549
27 0.466664 0.986248 0.0792396 0.0267138
0 0.562512 0.629339 0.741209 0.73881
27 0.466736 0.987363 0.0741579 0.024515
0 0.562044 0.638194 0.736914 0.72132
0 0.55996 0.641634 0.729839 0.714722
0 0.559127 0.640203 0.728617 0.717639
0 0.561591 0.634275 0.735986 0.729392
0 0.560734 0.638354 0.741563 0.720151
0 0.553585 0.636036 0.728206 0.724827
0 0.555079 0.636446 0.727508 0.723923
0 0.555158 0.637482 0.734227 0.721989
0 0.555237 0.637882 0.733262 0.720631
0 0.556033 0.635928 0.730544 0.724496
0 0.556702 0.636263 0.733848 0.724262
0 0.555089 0.636376 0.731168 0.724192
0 0.552675 0.634436 0.734639 0.727944
0 0.555316 0.633265 0.738612 0.730214
0 0.555261 0.634889 0.729371 0.726726
0 0.552839 0.635518 0.73901 0.725679
0 0.5482 0.634786 0.74579 0.727248
0 0.53881 0.636964 0.773586 0.7237
0 0.533814 0.635865 0.782056 0.726229
27 0.474259 0.987295 0.0797522 0.0246297
0 0.53544 0.634472 0.781404 0.728908
27 0.477388 0.986857 0.0819808 0.0255241
0 0.549649 0.638269 0.734221 0.720265
0 0.593902 0.597332 0.773011 0.802314
27 0.613611 0.967026 0.119955 0.0651052
0 0.599219 0.597155 0.779266 0.802538
27 0.613313 0.967091 0.124758 0.0649531
0 0.588438 0.595121 0.766926 0.807885
27 0.612029 0.967387 0.12275 0.0643453
0 0.587255 0.603629 0.779325 0.790603
27 0.609803 0.967459 0.121605 0.0642395
0 0.58957 0.601888 0.772699 0.793264
27 0.601805 0.965441 0.114961 0.0682882
0 0.58329 0.604952 0.77163 0.786848
27 0.595182 0.965791 0.121478 0.067646
0 0.57784 0.604704 0.779934 0.787448
27 0.583065 0.964172 0.121375 0.0708534
0 0.574513 0.609109 0.763421 0.778432
27 0.582633 0.967091 0.121462 0.065007
0 0.563774 0.601573 0.77929 0.794796
27 0.575054 0.957179 0.12754 0.084787
0 0.55482 0.600708 0.784838 0.796157
27 0.55501 0.953512 0.109239 0.092205
0 0.55294 0.598126 0.786478 0.800845
27 0.554712 0.949198 0.114829 0.10088
0 0.549262 0.593758 0.792477 0.809542
27 0.552013 0.947091 0.109882 0.105164
0 0.53632 0.595853 0.774897 0.805665
27 0.55047 0.944621 0.111808 0.109985
0 0.523903 0.588559 0.786648 0.820352
27 0.539389 0.943963 0.112984 0.111277
0 0.488859 0.59076 0.808289 0.815895
27 0.501242 0.942263 0.13032 0.114577
0 0.478773 0.589736 0.782603 0.818254
27 0.515551 0.952935 0.131289 0.0933617
0 0.499599 0.580706 0.824617 0.83563
27 0.502279 0.937669 0.116837 0.124153
0 0.514139 0.59276 0.818799 0.812528
27 0.513308 0.949082 0.126933 0.101102
0 0.526772 0.586463 0.855933 0.824393
27 0.504273 0.944236 0.113122 0.110891
0 0.49201 0.548971 0.906356 0.899867
0 0.528899 0.499485 0.938061 0.998971
27 0.529992 0.849501 0.139517 0.297819
0 0.515751 0.501423 0.96484 0.993519
0 0.522151 0.499394 0.955235 0.997742
27 0.534627 0.802746 0.160152 0.392292
0 0.520095 0.502685 0.95316 0.991427
27 0.543567 0.812736 0.175027 0.372403
0 0.522455 0.501322 0.943648 0.995175
27 0.522366 0.842786 0.139297 0.311171
0 0.528625 0.499775 0.920982 0.999551
27 0.515607 0.868574 0.130153 0.260835
0 0.492162 0.503239 0.905446 0.991064
27 0.516044 0.893976 0.137902 0.211976
0 0.536666 0.529197 0.926445 0.936454
27 0.521298 0.900712 0.149073 0.197836
0 0.514958 0.534596 0.860263 0.926921
27 0.515813 0.903437 0.122375 0.191859
0 0.522863 0.533078 0.884389 0.929181
27 0.525372 0.900807 0.117658 0.197285
0 0.5216 0.542016 0.884381 0.911263
27 0.527409 0.902532 0.118715 0.193677
0 0.527682 0.539656 0.872078 0.917797
27 0.535301 0.90277 0.117564 0.193228
0 0.52402 0.548673 0.881604 0.899578
27 0.537063 0.900821 0.118936 0.197009
0 0.517158 0.545516 0.874434 0.906187
27 0.536933 0.900829 0.120699 0.197141
0 0.528504 0.54653 0.885439 0.904107
27 0.539715 0.90035 0.116805 0.197958
0 0.526146 0.545054 0.869268 0.907359
27 0.540996 0.900954 0.115746 0.196927
0 0.53277 0.54688 0.877879 0.903788
27 0.550167 0.901186 0.124987 0.196251
0 0.539361 0.545746 0.894728 0.906109
27 0.545164 0.899543 0.117691 0.199788
0 0.53557 0.548753 0.884956 0.900028
27 0.540157 0.900388 0.11618 0.197989
0 0.53576 0.544114 0.875358 0.909093
27 0.540487 0.901241 0.11734 0.196252
0 0.530608 0.537047 0.869967 0.923184
27 0.544849 0.900943 0.11798 0.197027
0 0.541984 0.549662 0.886148 0.898526
27 0.545543 0.901646 0.121128 0.195459
0 0.536081 0.546019 0.870673 0.905836
27 0.542653 0.90325 0.118923 0.192114
0 0.510515 0.543301 0.819706 0.905851
27 0.542529 0.902942 0.119036 0.192647
0 0.44934 0.541854 0.690513 0.914786
27 0.540031 0.903741 0.117852 0.191159
0 0.432454 0.541644 0.650545 0.914792
27 0.5388 0.903975 0.118828 0.190667
0 0.430619 0.541907 0.641489 0.913144
27 0.539545 0.905107 0.116485 0.188377
0 0.438258 0.547913 0.649603 0.903493
27 0.537471 0.906266 0.117242 0.187075
0 0.468285 0.53655 0.740036 0.922154
27 0.536488 0.904985 0.118263 0.188671
0 0.539519 0.539891 0.870564 0.918387
27 0.53662 0.906492 0.118029 0.185673
0 0.544588 0.543822 0.885889 0.911038
27 0.537404 0.906027 0.116985 0.186662
0 0.532937 0.541105 0.841901 0.9146
27 0.538573 0.906551 0.116625 0.185583
67 0.936818 0.62574 0.124524 0.74363
56 0.936509 0.626775 0.125175 0.746449
0 0.546543 0.53601 0.864811 0.9244
67 0.94403 0.625511 0.110332 0.748977
27 0.537537 0.90622 0.116424 0.186257
0 0.553632 0.535562 0.876657 0.925176
27 0.537829 0.906222 0.117376 0.18619
67 0.947046 0.62603 0.104599 0.738164
0 0.524921 0.536243 0.853465 0.926152
27 0.538298 0.90662 0.11684 0.185509
0 0.552643 0.539935 0.885929 0.91832
27 0.537764 0.907335 0.119147 0.184043
0 0.923475 0.63354 0.151896 0.730307
0 0.549935 0.537654 0.872206 0.920075
27 0.537087 0.907124 0.118168 0.184463
0 0.945918 0.7926 0.106845 0.413843
0 0.553853 0.536979 0.875607 0.921971
27 0.537875 0.906585 0.119091 0.18552
0 0.935547 0.77871 0.128185 0.441338
0 0.529701 0.539068 0.830729 0.915964
27 0.537811 0.907337 0.11832 0.183966
0 0.554089 0.538797 0.884561 0.919041
27 0.540914 0.907352 0.11714 0.183897
0 0.936852 0.832989 0.125724 0.332222
0 0.555325 0.538782 0.879916 0.915665
27 0.540558 0.907181 0.117596 0.184146
0 0.551242 0.537207 0.877634 0.921416
27 0.541536 0.907059 0.118356 0.184587
0 0.956414 0.767857 0.0866705 0.463478
0 0.545223 0.546335 0.881662 0.903668
27 0.540995 0.906979 0.117599 0.18454
0 0.965378 0.813493 0.0687555 0.369971
0 0.549397 0.55233 0.894024 0.891973
27 0.542158 0.906952 0.119576 0.184741
0 0.550215 0.541495 0.870853 0.912501
27 0.542664 0.906349 0.118118 0.18587
0 0.979225 0.869465 0.0410652 0.259009
0 0.545877 0.553382 0.88243 0.89009
27 0.543693 0.905498 0.119935 0.187672
0 0.956977 0.7996 0.0855785 0.398685
0 0.550423 0.54836 0.899154 0.900931
27 0.546016 0.905044 0.121967 0.188549
0 0.540128 0.540986 0.877567 0.912655
27 0.544226 0.90613 0.120417 0.186783
0 0.551493 0.543617 0.897014 0.909543
67 0.705218 0.402311 0.323585 0.374272
67 0.645706 0.411416 0.192477 0.360666
0 0.550347 0.533481 0.897588 0.929102
67 0.673579 0.382597 0.315092 0.365438
67 0.606974 0.384827 0.172155 0.350638
0 0.545646 0.536886 0.902538 0.921776
67 0.668853 0.378792 0.31245 0.358541
67 0.601456 0.383188 0.168816 0.342895
0 0.546911 0.527652 0.904248 0.944238
67 0.602 0.392102 0.164557 0.341439
67 0.668576 0.400818 0.310937 0.365677
0 0.542331 0.530791 0.900201 0.935911
67 0.623903 0.41441 0.16442 0.339631
67 0.689587 0.416115 0.308898 0.357373
0 0.550297 0.529589 0.89805 0.940822
67 0.643319 0.404528 0.164166 0.331798
67 0.708985 0.413496 0.303428 0.361031
0 0.545878 0.534288 0.89014 0.930107
67 0.644013 0.406641 0.166711 0.345118
27 0.524018 0.908716 0.0882013 0.181914
0 0.54856 0.530611 0.901097 0.937199
67 0.644524 0.403678 0.167309 0.328148
67 0.708384 0.410971 0.301153 0.356951
27 0.524095 0.909541 0.0881102 0.180301
0 0.545622 0.529374 0.891337 0.941251
67 0.64179 0.403489 0.161946 0.330648
67 0.707108 0.413492 0.301439 0.361382
0 0.545278 0.532522 0.900788 0.93384
67 0.679432 0.614 0.365795 0.764578
67 0.644257 0.406719 0.166098 0.339384
0 0.552363 0.53219 0.891698 0.934993
67 0.648216 0.402013 0.163665 0.327009
27 0.525082 0.908493 0.0904519 0.182398
67 0.715018 0.411459 0.302659 0.363695
0 0.549584 0.529403 0.897875 0.940106
67 0.719913 0.407488 0.298776 0.358223
67 0.655167 0.400274 0.163025 0.32669
0 0.550067 0.5307 0.899865 0.938472
67 0.658022 0.400433 0.164216 0.326789
67 0.691979 0.610409 0.455046 0.763511
0 0.550332 0.530991 0.898531 0.936008
67 0.658261 0.402189 0.165622 0.326948
67 0.723062 0.410739 0.303324 0.356073
0 0.552053 0.529826 0.895464 0.939753
67 0.65838 0.402228 0.164933 0.328369
67 0.722726 0.412026 0.302451 0.358282
0 0.549924 0.531116 0.898321 0.936443
67 0.657975 0.401652 0.165908 0.328074
0 0.554695 0.530613 0.890611 0.938773
67 0.655435 0.402783 0.160754 0.329675
27 0.52748 0.909556 0.0922827 0.180221
0 0.552742 0.52888 0.894516 0.938358
67 0.657046 0.409513 0.165784 0.339095
67 0.722269 0.414257 0.302114 0.355863
27 0.527734 0.90874 0.0957281 0.181886
0 0.528927 0.531357 0.92735 0.929094
67 0.656546 0.418034 0.165375 0.341387
67 0.721268 0.423846 0.304484 0.357731
0 0.485756 0.521582 0.966949 0.952406
67 0.686072 0.422844 0.312253 0.352853
67 0.619512 0.42408 0.169779 0.342593
0 0.489807 0.526612 0.979613 0.945794
67 0.638362 0.425098 0.314679 0.358005
67 0.572879 0.428364 0.176215 0.345259
0 0.488145 0.534211 0.97629 0.922096
67 0.595648 0.437456 0.303091 0.351917
67 0.531884 0.444385 0.168262 0.333192
0 0.467656 0.534917 0.935312 0.925425
67 0.585096 0.439403 0.303651 0.35508
67 0.522519 0.444822 0.168993 0.333806
0 0.444074 0.531807 0.882202 0.926172
67 0.484264 0.459311 0.169894 0.331635
67 0.549393 0.451224 0.304272 0.363984
0 0.469484 0.529021 0.938968 0.939018
67 0.594549 0.520797 0.28928 0.350842
0 0.465286 0.529844 0.930573 0.934502
67 0.637552 0.564325 0.282063 0.334305
0 0.461126 0.52667 0.922252 0.94345
67 0.676241 0.59948 0.274674 0.330358
67 0.612712 0.604876 0.142212 0.304115
0 0.488317 0.523881 0.946867 0.950159
67 0.73564 0.696225 0.232306 0.37562
27 0.45757 0.906256 0.132243 0.186652
0 0.495229 0.529752 0.966351 0.936488
0 0.423581 0.521321 0.799965 0.949857
27 0.478232 0.903669 0.127404 0.191492
0 0.872566 0.803851 0.254172 0.391508
0 0.466811 0.527989 0.863383 0.941166
27 0.499775 0.902602 0.136232 0.1936
67 0.470152 0.443768 0.0420532 0.107454
0 0.465517 0.535789 0.854017 0.926466
27 0.504629 0.902549 0.125783 0.193662
0 0.468847 0.535923 0.863881 0.926635
67 0.501397 0.44259 0.0389235 0.108978
27 0.514375 0.902201 0.135309 0.194365
0 0.474822 0.536184 0.853657 0.926031
67 0.522568 0.44398 0.0385626 0.110511
27 0.527366 0.900984 0.140681 0.196787
0 0.468469 0.533912 0.860574 0.932175
67 0.544322 0.44596 0.0385017 0.110732
0 0.468681 0.532198 0.865483 0.934902
27 0.538504 0.901221 0.137416 0.196329
67 0.549289 0.447562 0.0396587 0.11279
0 0.471561 0.539329 0.863149 0.921342
27 0.545524 0.90271 0.139247 0.193269
0 0.472677 0.542016 0.86033 0.915967
27 0.548909 0.903368 0.141304 0.192028
67 0.565875 0.451604 0.0383009 0.115586
0 0.473371 0.537616 0.866743 0.924768
27 0.551073 0.904547 0.144388 0.189609
0 0.477666 0.537614 0.865374 0.923422
27 0.548446 0.904072 0.139429 0.190534
0 0.472901 0.538099 0.863531 0.923334
27 0.548326 0.904204 0.137794 0.190336
0 0.475603 0.535434 0.858067 0.928442
27 0.549603 0.905432 0.139884 0.187834
67 0.550223 0.445704 0.0393839 0.113055
0 0.472962 0.540014 0.863407 0.919208
67 0.549889 0.44863 0.0382318 0.116912
27 0.549605 0.906229 0.135657 0.186293
0 0.477794 0.537678 0.863333 0.921685
27 0.541885 0.906849 0.121985 0.185018
67 0.547206 0.44509 0.0390146 0.112755
0 0.487259 0.538343 0.882049 0.921553
67 0.544641 0.444818 0.0372784 0.110722
27 0.546436 0.906525 0.135908 0.185575
0 0.491663 0.53643 0.891292 0.92714
27 0.538334 0.906669 0.13132 0.185227
67 0.538588 0.444071 0.0389499 0.114193
0 0.493614 0.53424 0.893604 0.929546
27 0.544895 0.907151 0.141524 0.184212
67 0.534776 0.44415 0.040308 0.112074
0 0.492728 0.539297 0.886914 0.91862
67 0.53306 0.444043 0.0397256 0.108654
27 0.53993 0.907378 0.131768 0.183808
0 0.495845 0.534852 0.897524 0.930296
27 0.543648 0.907517 0.141732 0.183598
0 0.499472 0.54094 0.90785 0.918074
67 0.537245 0.441652 0.040955 0.110843
27 0.544125 0.907434 0.136753 0.183712
0 0.50956 0.535359 0.914476 0.925477
67 0.536494 0.438798 0.041716 0.109406
27 0.543307 0.906364 0.129263 0.185965
0 0.5307 0.521927 0.915374 0.95338
27 0.551028 0.905506 0.127046 0.187711
67 0.527028 0.434469 0.0431183 0.111839
0 0.529094 0.523296 0.919922 0.950484
27 0.555851 0.90545 0.132734 0.18772
67 0.518054 0.433633 0.0508081 0.111614
0 0.524911 0.519932 0.917892 0.955272
27 0.553854 0.904759 0.134242 0.189131
0 0.5319 0.516444 0.901585 0.96221
27 0.551241 0.90474 0.122698 0.189171
0 0.524358 0.521613 0.898948 0.953292
27 0.555168 0.904772 0.128613 0.189213
0 0.531873 0.513935 0.897159 0.9699
27 0.556159 0.905933 0.126165 0.186796
0 0.529303 0.520572 0.905146 0.956072
27 0.548144 0.904557 0.124266 0.19025
0 0.524231 0.51439 0.899359 0.967189
27 0.535046 0.902413 0.119646 0.194575
0 0.505139 0.521765 0.874572 0.952586
27 0.519964 0.901497 0.122213 0.196472
0 0.93648 0.659411 0.125249 0.67623
0 0.473028 0.513144 0.841464 0.969972
27 0.489897 0.893628 0.124343 0.212134
0 0.894163 0.629224 0.209328 0.741167
0 0.518165 0.528522 0.908457 0.934611
27 0.482862 0.896805 0.122119 0.205273
65 0.895747 0.490231 0.208322 0.447676
0 0.50279 0.528174 0.876397 0.934999
27 0.48346 0.895541 0.127121 0.207932
0 0.894849 0.637725 0.209411 0.722305
0 0.49411 0.531065 0.859003 0.930523
0 0.879923 0.638419 0.239458 0.719941
27 0.484452 0.896454 0.125576 0.20598
27 0.484176 0.896128 0.124743 0.206608
0 0.414494 0.52598 0.733215 0.943291
0 0.869699 0.637993 0.258742 0.722272
0 0.434431 0.539515 0.747855 0.91836
27 0.48633 0.900049 0.121963 0.198601
0 0.47566 0.533218 0.829404 0.930797
27 0.48869 0.899489 0.121947 0.199693
0 0.467987 0.532108 0.816101 0.932898
27 0.489653 0.900098 0.119734 0.198418
67 0.92498 0.562365 0.148659 0.47098
0 0.488422 0.527617 0.849646 0.935701
27 0.494499 0.901109 0.123263 0.196368
0 0.898797 0.66707 0.200799 0.661064
0 0.483931 0.528325 0.825602 0.933662
0 0.910728 0.661315 0.177677 0.671076
27 0.494007 0.90152 0.119944 0.196576
0 0.47248 0.533325 0.813408 0.929527
27 0.496314 0.901194 0.119236 0.196291
0 0.919919 0.671253 0.159233 0.654443
0 0.498695 0.529708 0.855869 0.931672
27 0.494033 0.900864 0.115309 0.197043
0 0.919155 0.673036 0.160797 0.650253
67 0.967655 0.581187 0.0636074 0.469734
0 0.512063 0.526219 0.889411 0.943294
27 0.499311 0.901102 0.126778 0.197526
0 0.911754 0.669065 0.175533 0.66115
67 0.95874 0.582679 0.0814985 0.491007
0 0.48214 0.532013 0.83691 0.932075
0 0.894675 0.665933 0.208897 0.663944
27 0.499 0.90142 0.123089 0.195788
0 0.464269 0.532815 0.79304 0.927253
27 0.498567 0.901803 0.124337 0.195905
0 0.43736 0.52838 0.744705 0.939808
27 0.497204 0.903208 0.123021 0.193076
0 0.45443 0.531002 0.768867 0.931543
27 0.496388 0.902425 0.118973 0.194783
67 0.900012 0.574523 0.199025 0.490341
27 0.493952 0.90176 0.115717 0.194951
0 0.520789 0.526797 0.941388 0.937753
67 0.885963 0.564655 0.22604 0.49293
0 0.390398 0.533018 0.672441 0.930042
27 0.494893 0.903288 0.118898 0.193153
67 0.870394 0.558029 0.22692 0.491599
0 0.520901 0.52809 0.941657 0.936572
0 0.381093 0.530411 0.640582 0.936665
27 0.500035 0.903292 0.127544 0.192362
0 0.518903 0.529026 0.938085 0.933733
32 0.783337 0.570231 0.221876 0.491436
0 0.525585 0.527806 0.94465 0.934839
32 0.746759 0.57013 0.221906 0.48503
27 0.498488 0.902125 0.127927 0.194985
0 0.521066 0.528581 0.938271 0.931714
32 0.718327 0.570089 0.221184 0.489521
27 0.514768 0.901508 0.165391 0.196019
0 0.528565 0.532811 0.93242 0.928645
32 0.706614 0.573457 0.228807 0.493846
0 0.520148 0.529409 0.956966 0.931054
27 0.516841 0.902406 0.164635 0.193992
32 0.722234 0.580222 0.224092 0.494043
0 0.521891 0.527977 0.955883 0.932779
65 0.722832 0.57506 0.22111 0.490837
27 0.516182 0.902414 0.164743 0.193989
0 0.528547 0.531748 0.926682 0.929892
65 0.726667 0.579438 0.226709 0.495601
27 0.517589 0.901811 0.162703 0.195756
0 0.521471 0.530573 0.954348 0.925265
65 0.729859 0.577618 0.226713 0.496087
27 0.50287 0.902097 0.135399 0.195226
0 0.525807 0.531202 0.947991 0.926328
27 0.521772 0.902326 0.1711 0.194333
0 0.525069 0.531256 0.947993 0.925529
65 0.728884 0.574812 0.226697 0.492858
0 0.525678 0.532253 0.946972 0.923611
0 0.521934 0.532485 0.955041 0.925073
27 0.521813 0.901957 0.173131 0.194907
65 0.72937 0.57233 0.224579 0.494711
0 0.526433 0.536758 0.934893 0.919764
65 0.730564 0.572716 0.225515 0.4954
0 0.527039 0.536599 0.926322 0.920293
27 0.499361 0.902303 0.126625 0.194221
65 0.729944 0.571091 0.224608 0.487378
0 0.521012 0.534303 0.956944 0.918286
27 0.497523 0.902048 0.12328 0.195239
27 0.524764 0.902095 0.177754 0.194668
67 0.736205 0.576658 0.227896 0.495212
0 0.519872 0.52989 0.95859 0.930635
27 0.497452 0.902618 0.124517 0.193768
0 0.525926 0.531773 0.943971 0.924528
27 0.500464 0.902482 0.12862 0.194237
32 0.745699 0.572379 0.222098 0.492622
0 0.525497 0.53196 0.933504 0.926193
27 0.494288 0.903002 0.119775 0.193697
0 0.41603 0.533008 0.713687 0.928014
0 0.868813 0.696836 0.262251 0.604686
27 0.490282 0.902956 0.121137 0.193275
0 0.475271 0.529854 0.854531 0.934158
27 0.496985 0.90443 0.12298 0.189895
0 0.473964 0.537167 0.853924 0.922577
27 0.509442 0.906749 0.12026 0.185271
0 0.480362 0.532881 0.8481 0.931995
27 0.522124 0.907348 0.139262 0.184045
0 0.477009 0.530935 0.859064 0.936602
27 0.537351 0.908544 0.136668 0.181611
0 0.489559 0.539447 0.889068 0.9168
27 0.535337 0.908631 0.127717 0.181453
0 0.511115 0.539117 0.904123 0.917884
27 0.558904 0.909452 0.148876 0.180472
67 0.537015 0.440971 0.0439428 0.110393
0 0.523808 0.54493 0.900269 0.909307
27 0.561695 0.908456 0.145967 0.181629
0 0.530361 0.54632 0.890942 0.90736
67 0.548715 0.442006 0.0377667 0.106017
0 0.525961 0.544797 0.900884 0.907012
67 0.548181 0.442853 0.0384693 0.107765
27 0.56214 0.911248 0.146084 0.176006
0 0.524533 0.543553 0.914622 0.911107
67 0.548771 0.442901 0.0413036 0.107533
27 0.561265 0.909349 0.149213 0.179792
0 0.529586 0.541078 0.896489 0.916171
67 0.544728 0.443363 0.0440526 0.106179
0 0.535653 0.541341 0.918687 0.915426
67 0.538078 0.441981 0.0443148 0.109518
27 0.558871 0.907868 0.153602 0.182886
0 0.538255 0.523902 0.91948 0.950165
27 0.563644 0.905814 0.14922 0.18698
0 0.538116 0.535273 0.920426 0.92773
27 0.562601 0.905798 0.144814 0.187048
0 0.535021 0.530291 0.927126 0.938873
27 0.564575 0.90226 0.150203 0.194174
67 0.50275 0.438658 0.044376 0.102212
0 0.537422 0.529559 0.915088 0.939018
27 0.553512 0.902518 0.133463 0.193734
0 0.539579 0.52577 0.908234 0.946505
27 0.5611 0.901934 0.151908 0.19483
0 0.523826 0.520688 0.898599 0.957621
27 0.557178 0.903602 0.142637 0.191606
0 0.526613 0.524966 0.896321 0.94634
27 0.554051 0.902767 0.144776 0.193223
0 0.526244 0.532679 0.887312 0.930853
27 0.53732 0.903482 0.127444 0.19175
0 0.529454 0.525389 0.879883 0.944695
27 0.532301 0.903672 0.138877 0.191249
0 0.527663 0.53302 0.897123 0.930852
0 0.904614 0.751616 0.189168 0.494863
27 0.512963 0.903373 0.124577 0.191903
0 0.44059 0.531298 0.782683 0.931514
27 0.508111 0.903215 0.125429 0.192145
0 0.888875 0.750864 0.221239 0.494924
0 0.45805 0.531319 0.800812 0.935499
27 0.507657 0.904345 0.134904 0.191309
0 0.495 0.534077 0.87638 0.92973
27 0.504031 0.903096 0.1236 0.192489
0 0.486538 0.518872 0.87613 0.960078
27 0.504508 0.902864 0.127204 0.193049
0 0.881993 0.740545 0.234971 0.516455
0 0.506119 0.527482 0.898546 0.942994
27 0.505705 0.903758 0.128543 0.191142
0 0.464589 0.532035 0.831396 0.93381
27 0.508621 0.904698 0.136044 0.189644
56 0.889769 0.741303 0.218968 0.515526
0 0.480677 0.530239 0.832798 0.937238
27 0.509911 0.903615 0.135334 0.191381
0 0.879566 0.728119 0.239336 0.541375
0 0.480742 0.531465 0.86661 0.93511
27 0.509852 0.904036 0.139949 0.191499
0 0.480742 0.531465 0.86661 0.93511
27 0.509852 0.904036 0.139949 0.191499
0 0.473693 0.52652 0.835521 0.944783
27 0.504968 0.904556 0.134052 0.189464
0 0.489171 0.533631 0.865686 0.930075
27 0.500597 0.905201 0.126956 0.189034
56 0.865777 0.675105 0.268033 0.645472
0 0.469777 0.530489 0.825634 0.936963
27 0.498136 0.905346 0.123716 0.188906
0 0.859543 0.669162 0.280263 0.658533
0 0.463842 0.534574 0.849085 0.927384
27 0.496631 0.904608 0.119169 0.189435
0 0.873179 0.63966 0.252715 0.717977
0 0.442603 0.531266 0.812128 0.932548
0 0.886672 0.617061 0.225278 0.760605
27 0.500221 0.905027 0.125449 0.188744
0 0.498576 0.533181 0.895886 0.930752
0 0.890146 0.611833 0.218369 0.770556
27 0.499443 0.905576 0.123168 0.187841
0 0.517948 0.530713 0.932089 0.935953
27 0.497452 0.90494 0.11819 0.189577
67 0.928667 0.470177 0.142667 0.362799
0 0.90294 0.606387 0.193732 0.783249
0 0.508796 0.531109 0.910685 0.932856
67 0.943282 0.41105 0.113094 0.377146
27 0.50611 0.905432 0.140217 0.18815
0 0.481985 0.54388 0.874308 0.908912
0 0.881346 0.604865 0.235875 0.786409
27 0.498101 0.905504 0.119648 0.188352
0 0.426215 0.529738 0.782302 0.934978
0 0.855414 0.603783 0.287524 0.788992
27 0.497456 0.905126 0.122546 0.189178
0 0.479701 0.532927 0.860052 0.931573
27 0.499583 0.905198 0.128622 0.1884
0 0.843269 0.604368 0.312479 0.787779
0 0.43297 0.534274 0.764162 0.925652
27 0.499596 0.904617 0.125587 0.189668
0 0.496324 0.530951 0.911847 0.930847
27 0.497057 0.905025 0.123965 0.18887
0 0.509303 0.529572 0.94197 0.933303
27 0.495483 0.904451 0.119774 0.190042
67 0.707888 0.449988 0.0758833 0.275982
0 0.519283 0.530782 0.950335 0.9322
27 0.494537 0.90494 0.124415 0.189266
0 0.514094 0.533067 0.921101 0.930607
27 0.493917 0.903185 0.123472 0.192599
0 0.522769 0.532867 0.940136 0.931366
27 0.494231 0.903411 0.126624 0.192339
0 0.518016 0.535073 0.934888 0.927445
27 0.494598 0.903492 0.125182 0.192066
0 0.525107 0.537268 0.935601 0.92128
27 0.494477 0.903633 0.13164 0.192081
0 0.521844 0.539286 0.945155 0.917356
0 0.520634 0.533762 0.943819 0.928727
27 0.492439 0.9054 0.125703 0.188372
0 0.519294 0.534586 0.941759 0.927471
27 0.491714 0.905398 0.123947 0.188546
0 0.517134 0.536151 0.933354 0.924784
27 0.490416 0.905286 0.121394 0.188021
0 0.514073 0.53246 0.936181 0.932354
27 0.494277 0.905684 0.12881 0.188054
0 0.417684 0.536637 0.741113 0.922842
0 0.81813 0.701743 0.362458 0.594344
27 0.491164 0.905673 0.120983 0.187238
0 0.427001 0.535465 0.753794 0.924363
27 0.488908 0.90581 0.121986 0.187027
0 0.838301 0.580948 0.322822 0.833033
0 0.42319 0.535872 0.756052 0.922775
27 0.489577 0.905366 0.123153 0.187919
0 0.847292 0.605077 0.304629 0.782682
0 0.500974 0.530705 0.905793 0.936287
27 0.488603 0.905524 0.120275 0.187612
67 0.834459 0.415068 0.11626 0.241792
0 0.877215 0.623115 0.245077 0.74484
0 0.440511 0.534563 0.790151 0.925144
27 0.488583 0.905519 0.121968 0.18755
0 0.89142 0.619834 0.216007 0.753937
0 0.515672 0.538986 0.924036 0.917985
27 0.489969 0.906401 0.120535 0.185826
0 0.526835 0.535399 0.934844 0.925967
27 0.487903 0.907292 0.120247 0.184122
0 0.525409 0.536987 0.938586 0.922624
27 0.488632 0.906752 0.118562 0.185133
0 0.51561 0.536022 0.916219 0.92533
0 0.872965 0.643744 0.253445 0.7046
27 0.489076 0.906752 0.121872 0.185122
0 0.517379 0.527403 0.951473 0.94154
27 0.487672 0.906588 0.12267 0.185478
0 0.872584 0.644495 0.25396 0.705123
0 0.514947 0.529365 0.95649 0.936121
27 0.486802 0.907425 0.122426 0.183754
0 0.515813 0.528136 0.932883 0.939312
27 0.484081 0.906768 0.122281 0.185547
0 0.84546 0.661696 0.308188 0.674189
0 0.515111 0.541325 0.904581 0.914404
27 0.484109 0.90737 0.125272 0.183907
0 0.867481 0.662084 0.263742 0.667943
0 0.502802 0.536276 0.863943 0.924036
0 0.875896 0.668045 0.246868 0.657891
27 0.482155 0.90677 0.12566 0.185143
0 0.524842 0.533945 0.932011 0.926435
27 0.48041 0.907804 0.122156 0.183076
0 0.525148 0.537296 0.929247 0.922087
27 0.482819 0.90704 0.124284 0.184752
14 0.90967 0.518867 0.180134 0.382505
0 0.523981 0.531404 0.922758 0.931494
27 0.47992 0.906943 0.120739 0.184772
0 0.507132 0.537472 0.89023 0.922796
27 0.482283 0.9063 0.124222 0.186173
0 0.519917 0.529952 0.954206 0.933805
0 0.83447 0.666135 0.327796 0.665187
27 0.481034 0.906285 0.128705 0.186507
0 0.435472 0.532302 0.773785 0.931425
27 0.47869 0.905611 0.124455 0.188325
0 0.526746 0.531565 0.9204 0.93218
65 0.749534 0.576565 0.220531 0.50226
77 0.859888 0.762407 0.263146 0.417579
0 0.515132 0.531967 0.94583 0.932848
77 0.857866 0.770532 0.271203 0.416144
0 0.502935 0.532506 0.918164 0.932676
27 0.477861 0.904952 0.12461 0.189338
0 0.513364 0.531834 0.942294 0.934666
0 0.511617 0.53086 0.947402 0.934562
0 0.511689 0.531473 0.944116 0.933818
0 0.527748 0.530253 0.918851 0.934955
0 0.45058 0.531686 0.802126 0.934902
27 0.479259 0.904834 0.129761 0.189901
0 0.435314 0.535805 0.772382 0.922812
27 0.474863 0.905311 0.123165 0.188924
0 0.514559 0.524648 0.924464 0.947536
27 0.477288 0.905554 0.128612 0.187666
0 0.480004 0.528245 0.843695 0.939582
27 0.484522 0.908739 0.129489 0.181237
0 0.482842 0.522212 0.841375 0.951013
27 0.50633 0.90986 0.139982 0.178848
0 0.477847 0.517939 0.858091 0.962627
27 0.520222 0.910899 0.139414 0.177707
0 0.504311 0.52036 0.870682 0.955872
0 0.50465 0.527585 0.880986 0.941573
27 0.543751 0.911187 0.138201 0.177026
67 0.507436 0.441653 0.0494622 0.105274
0 0.528949 0.53341 0.904057 0.93302
67 0.551082 0.442398 0.0430689 0.107705
0 0.533271 0.534046 0.90659 0.930905
27 0.568381 0.911413 0.14511 0.17661
67 0.554256 0.442612 0.0417375 0.107052
0 0.536825 0.543746 0.92635 0.909833
27 0.57631 0.912944 0.148826 0.17364
67 0.57306 0.442962 0.0411879 0.108074
0 0.544976 0.538476 0.906947 0.920505
67 0.582381 0.442793 0.0399561 0.108215
0 0.533985 0.537418 0.911566 0.922889
27 0.586639 0.91365 0.148837 0.171266
0 0.545019 0.547682 0.906402 0.902357
67 0.593975 0.442135 0.0431566 0.113153
27 0.588743 0.909397 0.14676 0.180487
0 0.53953 0.536275 0.919593 0.925287
27 0.589575 0.909695 0.142211 0.179998
67 0.593373 0.443089 0.0413397 0.107796
0 0.540883 0.543561 0.914979 0.910974
27 0.586489 0.908717 0.149921 0.181727
0 0.54068 0.537729 0.915817 0.922389
27 0.586525 0.907783 0.151813 0.182971
67 0.58879 0.438978 0.0409128 0.110815
0 0.532932 0.550522 0.934135 0.897296
27 0.589681 0.907121 0.140853 0.185164
67 0.589278 0.439483 0.0447036 0.110265
0 0.53809 0.548698 0.923492 0.901156
27 0.586225 0.905614 0.149972 0.187327
67 0.588853 0.437093 0.0422802 0.110689
0 0.540693 0.549415 0.915085 0.89946
27 0.587907 0.905393 0.148372 0.18785
67 0.59389 0.436568 0.0419223 0.109609
0 0.544118 0.550324 0.907524 0.897433
27 0.587902 0.90422 0.146821 0.190222
67 0.598307 0.43936 0.0397664 0.111187
0 0.542658 0.554563 0.909864 0.88946
27 0.589543 0.904574 0.147952 0.189413
67 0.599402 0.437065 0.0394951 0.115401
0 0.54169 0.553986 0.91258 0.890884
27 0.590056 0.906363 0.147496 0.185896
67 0.599761 0.438236 0.0394705 0.109958
0 0.544847 0.551948 0.905786 0.895016
27 0.588777 0.904988 0.148917 0.188593
67 0.604169 0.441949 0.0378126 0.106516
0 0.543912 0.552629 0.905812 0.893634
27 0.589667 0.906131 0.146027 0.186303
67 0.606094 0.440855 0.0398485 0.103705
0 0.543575 0.54853 0.90824 0.901194
27 0.588191 0.90636 0.147864 0.185807
67 0.603049 0.441269 0.0364933 0.106818
0 0.538007 0.549826 0.898121 0.898961
27 0.583183 0.906228 0.150186 0.186105
67 0.600492 0.44335 0.0382229 0.108927
0 0.528681 0.546141 0.885413 0.906383
27 0.578475 0.906148 0.147398 0.186201
0 0.524361 0.551477 0.878977 0.895784
27 0.573304 0.904426 0.143859 0.189896
67 0.589996 0.443945 0.0377755 0.109739
0 0.525511 0.549738 0.875702 0.899544
27 0.571106 0.903902 0.143298 0.190804
0 0.51958 0.553355 0.880271 0.89329
27 0.563548 0.902796 0.14451 0.19305
67 0.580249 0.444181 0.0360524 0.107506
0 0.522358 0.551438 0.880683 0.897123
27 0.563944 0.904988 0.142837 0.188555
67 0.572304 0.443961 0.0354725 0.106799
0 0.514467 0.54909 0.890741 0.901819
27 0.563367 0.905179 0.146392 0.188113
0 0.521385 0.549029 0.883001 0.901941
27 0.566927 0.906216 0.147934 0.186132
67 0.57592 0.451324 0.0341304 0.110984
0 0.525416 0.547933 0.890227 0.904135
27 0.570372 0.906732 0.145791 0.185054
0 0.526986 0.548814 0.893444 0.902372
27 0.579128 0.908135 0.148325 0.1831
67 0.590911 0.455468 0.034514 0.111484
0 0.531289 0.552545 0.875465 0.894911
27 0.579751 0.90807 0.150167 0.182389
67 0.593289 0.453407 0.0364764 0.111893
0 0.531155 0.552798 0.880607 0.893357
27 0.58289 0.90656 0.148878 0.185394
0 0.528961 0.540024 0.883463 0.918822
67 0.573493 0.464916 0.0344994 0.108084
0 0.531246 0.534055 0.879748 0.931033
27 0.570155 0.907363 0.148102 0.183789
67 0.537204 0.468853 0.046772 0.106594
0 0.525552 0.514465 0.877945 0.971069
27 0.554383 0.90679 0.145564 0.185127
0 0.517566 0.514214 0.916896 0.968096
27 0.539142 0.910079 0.133236 0.17904
0 0.519982 0.51274 0.910908 0.970567
27 0.530907 0.91314 0.141736 0.172254
0 0.517507 0.516251 0.924031 0.962987
27 0.502824 0.912822 0.093281 0.173552
27 0.52727 0.913299 0.143287 0.171965
0 0.529187 0.513105 0.922035 0.969459
27 0.522768 0.910529 0.139298 0.177521
0 0.517666 0.515436 0.937223 0.964771
27 0.525001 0.909259 0.13994 0.180059
0 0.527714 0.509622 0.906659 0.976555
0 0.523107 0.517773 0.899179 0.961117
0 0.517719 0.5174 0.901802 0.961436
27 0.535033 0.902973 0.117664 0.192797
0 0.516607 0.520504 0.90077 0.955608
27 0.536649 0.902863 0.118755 0.192985
0 0.528739 0.529824 0.874099 0.933813
27 0.562613 0.900261 0.150677 0.198813
0 0.534326 0.531523 0.891972 0.933713
27 0.567351 0.902044 0.14025 0.194798
0 0.528396 0.526454 0.893073 0.943561
27 0.562122 0.901984 0.13269 0.194888
0 0.532063 0.5316 0.891882 0.927973
27 0.558082 0.904208 0.131805 0.190393
0 0.531463 0.535345 0.901016 0.926288
27 0.549414 0.902855 0.129934 0.193573
0 0.52731 0.529132 0.886003 0.938058
27 0.545723 0.905351 0.128628 0.188889
0 0.519801 0.53819 0.890634 0.917755
27 0.54966 0.904322 0.134313 0.190741
0 0.522575 0.537146 0.900197 0.923176
27 0.538701 0.902452 0.122975 0.194493
0 0.51495 0.533873 0.909938 0.92876
27 0.541361 0.902178 0.127028 0.194521
0 0.519515 0.537463 0.915896 0.921927
27 0.54635 0.903108 0.136861 0.193465
0 0.50467 0.539069 0.872782 0.913853
27 0.543414 0.902799 0.129735 0.193137
0 0.508905 0.538287 0.888235 0.915578
27 0.541285 0.904372 0.121603 0.191014
0 0.519857 0.537358 0.890449 0.921699
27 0.54394 0.903649 0.129468 0.192139
0 0.511855 0.539299 0.885383 0.914865
27 0.54521 0.903826 0.132032 0.19194
0 0.513294 0.542667 0.884816 0.906841
27 0.546626 0.904034 0.135413 0.190625
0 0.518748 0.543203 0.894336 0.9098
27 0.53891 0.903513 0.123071 0.191626
0 0.51522 0.548953 0.888687 0.898915
27 0.53731 0.906191 0.123393 0.186338
0 0.527828 0.54071 0.871501 0.912684
27 0.541854 0.905699 0.136933 0.18721
0 0.516957 0.540588 0.891843 0.914704
0 0.513661 0.539721 0.889239 0.914323
0 0.519717 0.543809 0.898356 0.909148
27 0.543107 0.906469 0.139677 0.185679
0 0.518825 0.540598 0.893649 0.915499
27 0.534979 0.905953 0.128551 0.186767
