0 0.558639 0.649222 0.691878 0.700122
27 0.551839 0.984263 0.133031 0.0307229
0 0.557168 0.65096 0.69227 0.696641
27 0.551044 0.983802 0.136753 0.0316299
0 0.564632 0.651649 0.701741 0.693564
27 0.551838 0.983633 0.13518 0.0320019
0 0.561505 0.651279 0.693985 0.694803
27 0.551745 0.982828 0.138655 0.033565
0 0.560076 0.651458 0.695397 0.695662
27 0.551515 0.982513 0.13803 0.0341702
0 0.56053 0.649471 0.697823 0.699586
27 0.55074 0.983345 0.135608 0.0325237
0 0.563356 0.650005 0.705699 0.697
27 0.552764 0.983682 0.13191 0.0318639
0 0.558115 0.648333 0.693361 0.70178
27 0.551525 0.984484 0.131201 0.0302867
0 0.562113 0.650519 0.702842 0.696045
27 0.552708 0.985241 0.129425 0.0287766
0 0.558794 0.650467 0.693457 0.697364
27 0.549667 0.982797 0.136669 0.0336268
0 0.560277 0.65506 0.69453 0.688353
0 0.56212 0.656081 0.697602 0.686366
0 0.56059 0.651138 0.69019 0.696253
0 0.561399 0.65794 0.687353 0.682948
0 0.56014 0.655294 0.689408 0.687985
27 0.551154 0.985264 0.132504 0.0287118
0 0.562017 0.650788 0.690243 0.69719
0 0.563401 0.648822 0.717843 0.699259
27 0.545511 0.982905 0.137594 0.0334279
0 0.566248 0.649757 0.713047 0.697501
27 0.543887 0.982264 0.135517 0.0347598
0 0.568265 0.64841 0.706781 0.70154
0 0.569897 0.649354 0.724281 0.699713
0 0.556143 0.644537 0.714785 0.709015
0 0.560435 0.643279 0.739022 0.710801
27 0.585611 0.978652 0.0974236 0.0416641
0 0.562764 0.626802 0.80602 0.743851
27 0.61158 0.968985 0.121748 0.0611337
0 0.57703 0.616749 0.803454 0.764642
27 0.602209 0.962118 0.152188 0.0747579
0 0.577936 0.618477 0.778046 0.760684
27 0.610671 0.969145 0.116729 0.0608523
0 0.579868 0.619727 0.783217 0.757921
27 0.605598 0.969621 0.117504 0.059978
0 0.574509 0.624209 0.7753 0.749128
27 0.600492 0.971463 0.115341 0.0562274
0 0.569266 0.627188 0.769644 0.742779
27 0.599847 0.971367 0.111339 0.0564405
0 0.566081 0.63024 0.763659 0.736701
27 0.563991 0.972471 0.164672 0.0543378
0 0.626723 0.630272 0.648342 0.739456
27 0.556729 0.974313 0.175752 0.0506457
0 0.617983 0.631282 0.651294 0.736661
67 0.274601 0.558912 0.393323 0.881231
0 0.500756 0.614279 0.900747 0.770521
0 0.538116 0.625558 0.879432 0.745162
67 0.337666 0.555361 0.415827 0.883137
0 0.649683 0.635104 0.583804 0.727643
67 0.422766 0.535666 0.438306 0.85851
0 0.567468 0.635893 0.767738 0.725732
67 0.42459 0.538822 0.438698 0.861589
0 0.565563 0.633962 0.771654 0.729664
67 0.426134 0.534293 0.442383 0.856864
0 0.50716 0.639582 0.868978 0.718637
67 0.413643 0.538135 0.44017 0.865037
0 0.551807 0.631128 0.829524 0.733253
67 0.399059 0.546273 0.447763 0.885372
0 0.541927 0.634185 0.808279 0.728295
67 0.392081 0.545445 0.455895 0.900484
0 0.510502 0.634575 0.869363 0.728161
67 0.389578 0.544785 0.456341 0.898483
0 0.512459 0.635134 0.863638 0.727187
67 0.388962 0.545072 0.451467 0.904991
0 0.49565 0.634823 0.897029 0.727231
67 0.379872 0.538181 0.464014 0.913648
0 0.509838 0.634193 0.870728 0.728712
67 0.377804 0.536041 0.463237 0.915184
0 0.501439 0.634711 0.883317 0.72776
67 0.384284 0.539573 0.449315 0.907159
0 0.511473 0.63467 0.863022 0.727746
67 0.383332 0.540832 0.449158 0.907636
0 0.507649 0.635195 0.874991 0.726695
67 0.38497 0.544562 0.42824 0.873683
0 0.536172 0.635766 0.809132 0.725876
67 0.385993 0.548003 0.381596 0.791276
0 0.547679 0.636393 0.790446 0.724622
67 0.375865 0.554803 0.348536 0.722325
0 0.544867 0.639201 0.782992 0.719514
67 0.369341 0.556836 0.322226 0.677927
0 0.528544 0.638131 0.797529 0.7222
67 0.367936 0.558357 0.310168 0.649984
0 0.559901 0.64097 0.755047 0.716353
67 0.368982 0.557136 0.308187 0.647623
0 0.527613 0.639336 0.835281 0.719745
67 0.36892 0.556103 0.307708 0.647258
0 0.559518 0.64133 0.754747 0.715752
67 0.369849 0.556308 0.310278 0.647793
0 0.523086 0.638887 0.841963 0.720587
67 0.370918 0.556628 0.304644 0.643883
0 0.54012 0.641207 0.792482 0.715441
67 0.372042 0.556477 0.304712 0.64032
0 0.561061 0.642277 0.75499 0.713357
67 0.371481 0.558192 0.29913 0.635611
0 0.542043 0.641076 0.792797 0.715667
67 0.363474 0.563526 0.300263 0.640227
0 0.534644 0.64295 0.806564 0.712121
67 0.338254 0.575639 0.301165 0.65777
0 0.526257 0.642553 0.795833 0.712697
0 0.558315 0.644131 0.742782 0.709397
0 0.262574 0.625335 0.374237 0.741438
0 0.568707 0.644724 0.726608 0.707969
0 0.569436 0.642869 0.743923 0.711167
0 0.570259 0.641066 0.750425 0.715294
0 0.570513 0.633608 0.76889 0.731064
0 0.569202 0.632554 0.775424 0.732192
0 0.565203 0.635307 0.798615 0.72633
0 0.558325 0.629949 0.800796 0.738193
0 0.562946 0.626613 0.806502 0.744686
67 0.646248 0.642003 0.0527976 0.0878417
0 0.565112 0.628614 0.800522 0.740873
0 0.579715 0.632597 0.768755 0.733166
0 0.582759 0.627805 0.763838 0.74247
0 0.578649 0.632628 0.75211 0.733259
27 0.565557 0.973825 0.158399 0.0515544
0 0.570172 0.635398 0.749455 0.726505
27 0.579152 0.97381 0.132305 0.0515088
0 0.580642 0.637312 0.759948 0.722628
27 0.568352 0.973034 0.147338 0.0532588
0 0.574677 0.642062 0.740277 0.713381
27 0.556853 0.974202 0.152019 0.0506674
27 0.578263 0.975242 0.107717 0.0482676
0 0.576798 0.64254 0.748645 0.712273
27 0.555983 0.973736 0.153808 0.0515976
27 0.57791 0.974879 0.110214 0.0489054
0 0.568697 0.644379 0.767813 0.708164
0 0.527228 0.647787 0.802321 0.702358
27 0.575243 0.980159 0.0969338 0.0389954
0 0.57798 0.645385 0.696838 0.70694
27 0.577766 0.979747 0.0984559 0.0400019
0 0.649571 0.646863 0.631397 0.704167
0 0.665491 0.648366 0.548717 0.702576
63 0.340052 0.619513 0.618737 0.759447
0 0.67382 0.649007 0.554576 0.701349
0 0.690629 0.648831 0.492312 0.700313
77 0.11533 0.719645 0.230656 0.553573
0 0.667795 0.64912 0.362912 0.700263
0 0.652783 0.652164 0.377013 0.689227
0 0.702568 0.648068 0.493126 0.700162
77 0.10323 0.719287 0.206373 0.554893
0 0.103622 0.720259 0.207135 0.5574
0 0.69406 0.65076 0.483026 0.697485
77 0.103485 0.719079 0.206689 0.55499
0 0.10337 0.720648 0.206589 0.556654
0 0.69702 0.648085 0.507134 0.69856
77 0.0985059 0.725013 0.197012 0.545029
77 0.0983726 0.609231 0.196745 0.308871
0 0.692736 0.648599 0.512488 0.700989
77 0.0926807 0.610712 0.185135 0.309351
0 0.690055 0.649767 0.512099 0.700393
0 0.684541 0.781459 0.500507 0.436293
0 0.682105 0.648979 0.513727 0.699993
0 0.679576 0.648353 0.517263 0.701231
77 0.0894388 0.64584 0.178411 0.349814
0 0.672976 0.646394 0.520523 0.70529
0 0.671702 0.648409 0.52899 0.701438
0 0.677611 0.648302 0.533732 0.700304
0 0.102425 0.73194 0.204754 0.531928
0 0.786416 0.649256 0.323513 0.700705
0 0.108251 0.719532 0.216501 0.554472
63 0.356263 0.535412 0.543858 0.924092
0 0.787248 0.645277 0.309339 0.708644
0 0.692015 0.64154 0.114861 0.70636
0 0.11101 0.715127 0.22197 0.564471
72 0.320311 0.51662 0.624469 0.964963
0 0.784069 0.64148 0.303714 0.715517
0 0.111778 0.71061 0.223421 0.573528
0 0.777877 0.643946 0.307141 0.71082
0 0.106205 0.705599 0.21241 0.587339
0 0.777678 0.645254 0.31766 0.708604
0 0.101962 0.702528 0.203924 0.590958
0 0.774919 0.640145 0.31503 0.716379
0 0.10029 0.703906 0.200579 0.590294
0 0.776708 0.642022 0.318558 0.712711
0 0.0984745 0.718889 0.196519 0.555762
0 0.723524 0.646421 0.212578 0.705658
0 0.773034 0.641716 0.311518 0.712621
0 0.68255 0.646596 0.130835 0.705269
0 0.773011 0.643784 0.307866 0.709398
0 0.775208 0.64669 0.312294 0.705196
0 0.775039 0.647405 0.315593 0.704044
54 0.0371243 0.562679 0.0737735 0.0946103
0 0.771504 0.641998 0.315578 0.712473
0 0.769613 0.643858 0.316587 0.708892
0 0.767502 0.649247 0.317377 0.701507
0 0.0975345 0.755212 0.194854 0.483838
63 0.318467 0.553273 0.569805 0.893454
0 0.767524 0.645884 0.320188 0.705074
63 0.340242 0.572783 0.525792 0.854434
0 0.51021 0.56415 0.94265 0.86974
0 0.765653 0.651214 0.332388 0.696925
0 0.507315 0.632181 0.912874 0.735464
0 0.763103 0.650543 0.332619 0.69778
67 0.318429 0.59822 0.570667 0.795004
0 0.75978 0.650507 0.321905 0.69824
67 0.31807 0.601942 0.562676 0.788536
0 0.761717 0.650746 0.326722 0.697894
0 0.758745 0.650658 0.32226 0.698471
0 0.760644 0.645999 0.322308 0.704862
0 0.763517 0.646052 0.329681 0.705011
0 0.512311 0.634873 0.91922 0.728151
0 0.498344 0.633695 0.912339 0.730978
0 0.760478 0.645382 0.326078 0.706396
67 0.320979 0.601625 0.567297 0.790275
0 0.762558 0.64547 0.329751 0.705964
0 0.505394 0.631682 0.917825 0.734112
0 0.765237 0.650693 0.323842 0.697941
0 0.765277 0.647115 0.31203 0.702628
0 0.762587 0.650883 0.309314 0.698233
0 0.678524 0.648982 0.152641 0.690933
67 0.325229 0.598368 0.568134 0.795978
0 0.76638 0.6506 0.324658 0.697446
0 0.502947 0.57259 0.913243 0.852639
0 0.763869 0.650545 0.322666 0.698872
63 0.35686 0.593619 0.497202 0.812245
0 0.518759 0.60426 0.890699 0.789514
0 0.763864 0.646284 0.319864 0.703892
0 0.763972 0.647029 0.315677 0.702933
0 0.511255 0.598891 0.921242 0.799416
63 0.359673 0.594968 0.50038 0.80524
0 0.765135 0.647455 0.312527 0.701911
0 0.511527 0.604209 0.915362 0.78865
0 0.765227 0.647341 0.314694 0.702188
0 0.508522 0.577374 0.921458 0.843101
63 0.357822 0.595294 0.501017 0.807003
0 0.673543 0.615825 0.515581 0.766558
67 0.317729 0.594802 0.583036 0.803306
0 0.76646 0.647069 0.311627 0.70224
0 0.766702 0.648058 0.313307 0.700713
63 0.331592 0.594806 0.548717 0.802161
0 0.485451 0.619408 0.91234 0.759029
63 0.33953 0.596689 0.528158 0.805357
0 0.714367 0.64856 0.425413 0.701985
0 0.603846 0.652642 0.658703 0.692841
0 0.566824 0.649404 0.73945 0.699576
0 0.577491 0.646829 0.724623 0.70457
0 0.580659 0.641603 0.736007 0.715108
0 0.580107 0.646927 0.738398 0.704704
0 0.579308 0.641562 0.7423 0.715357
0 0.58876 0.643521 0.742198 0.711156
0 0.590209 0.633703 0.737217 0.730551
0 0.598764 0.640967 0.737691 0.715797
0 0.596153 0.643683 0.728835 0.710349
67 0.570284 0.645896 0.0442439 0.0987062
0 0.593407 0.639022 0.713235 0.721955
67 0.577331 0.647832 0.0456882 0.102672
0 0.593157 0.639854 0.717254 0.717951
67 0.579038 0.648564 0.0441128 0.101267
0 0.603872 0.634381 0.741477 0.728996
67 0.581101 0.652653 0.0445463 0.103638
0 0.595258 0.636758 0.712551 0.725761
67 0.581794 0.653651 0.0443921 0.0996918
0 0.591203 0.636533 0.704779 0.725648
67 0.579703 0.657689 0.0442493 0.100716
0 0.611154 0.635544 0.750708 0.728499
0 0.614593 0.635847 0.756844 0.728181
0 0.609999 0.634404 0.749688 0.730276
67 0.559178 0.660122 0.0471491 0.0987503
0 0.599418 0.627078 0.74215 0.743474
0 0.599474 0.630072 0.750631 0.737849
67 0.536089 0.657983 0.0485182 0.0982332
0 0.599255 0.625022 0.75326 0.747777
0 0.588827 0.624353 0.74914 0.749439
67 0.51287 0.657097 0.0497787 0.0961024
0 0.58555 0.637295 0.740863 0.723829
0 0.586033 0.625771 0.735185 0.746444
67 0.500757 0.652553 0.0485533 0.0939365
0 0.585949 0.639059 0.729195 0.719122
0 0.58374 0.640471 0.726814 0.716727
0 0.589512 0.641904 0.728753 0.713251
27 0.554741 0.983086 0.145404 0.033181
0 0.588004 0.643159 0.758006 0.710243
79 0.825215 0.820087 0.344972 0.0822151
0 0.948707 0.825361 0.102061 0.348881
79 0.725942 0.813722 0.231077 0.0599459
0 0.554131 0.644094 0.690663 0.709061
0 0.904926 0.774998 0.188901 0.448646
27 0.541586 0.98369 0.136477 0.0318525
0 0.551859 0.644667 0.698627 0.707248
0 0.901522 0.76144 0.196475 0.475116
27 0.541032 0.984618 0.132517 0.0300499
0 0.60135 0.646407 0.769316 0.704119
0 0.902802 0.716553 0.193806 0.565442
27 0.537003 0.983708 0.139495 0.031809
0 0.602507 0.646713 0.769967 0.705031
0 0.901589 0.706807 0.195344 0.58528
0 0.600992 0.648519 0.781381 0.699975
0 0.905345 0.71631 0.187312 0.565841
27 0.539531 0.984416 0.131577 0.0303818
0 0.580433 0.646749 0.731512 0.703981
0 0.924866 0.766575 0.149694 0.464528
27 0.538554 0.983911 0.130162 0.0314555
0 0.586897 0.647505 0.737163 0.702784
0 0.934569 0.794894 0.129907 0.408285
79 0.917349 0.51983 0.115171 0.783941
27 0.539989 0.983965 0.132478 0.0312842
0 0.595896 0.647069 0.755685 0.703133
79 0.947821 0.555165 0.10119 0.849372
0 0.59751 0.646594 0.763923 0.703896
79 0.949162 0.556849 0.097966 0.858536
27 0.540996 0.985249 0.127008 0.0287697
0 0.595123 0.647029 0.754097 0.704488
27 0.540091 0.984234 0.127556 0.0308156
0 0.59992 0.646975 0.761737 0.703612
27 0.540389 0.984661 0.125398 0.0299693
79 0.948998 0.567627 0.0945972 0.852635
0 0.598634 0.647219 0.763235 0.702716
27 0.541084 0.984864 0.125652 0.0294528
0 0.594144 0.646135 0.758779 0.706115
27 0.540726 0.9849 0.126643 0.0294847
0 0.581545 0.647833 0.728106 0.701784
27 0.543124 0.984625 0.129716 0.0299685
0 0.57823 0.646066 0.724425 0.706324
27 0.542036 0.984399 0.130539 0.0304113
0 0.575946 0.647068 0.718851 0.704054
27 0.541807 0.983967 0.135455 0.0312533
0 0.57651 0.647709 0.718872 0.70189
27 0.5444 0.983649 0.135325 0.0319145
0 0.576222 0.646891 0.713033 0.704497
27 0.54203 0.982967 0.137085 0.0334147
0 0.569495 0.647782 0.732153 0.701448
39 0.952898 0.876297 0.0934464 0.247376
27 0.540842 0.982651 0.140581 0.0338951
0 0.573568 0.646227 0.736489 0.705092
27 0.538726 0.982278 0.140972 0.0346657
0 0.523852 0.64773 0.622881 0.701833
0 0.870311 0.793376 0.257744 0.411855
27 0.538752 0.982764 0.143652 0.0337187
0 0.602584 0.645885 0.788823 0.705275
27 0.540058 0.98252 0.140977 0.0341649
0 0.600241 0.646623 0.78933 0.703779
0 0.607281 0.645124 0.785437 0.707979
67 0.644889 0.87665 0.0454399 0.244958
0 0.607577 0.645481 0.784846 0.707192
67 0.646164 0.876509 0.0450506 0.245072
0 0.607279 0.644695 0.785443 0.708718
0 0.600774 0.64366 0.783564 0.710214
0 0.600752 0.643669 0.79031 0.710401
79 0.646601 0.415687 0.0549415 0.578989
0 0.607216 0.645886 0.785568 0.706802
0 0.607806 0.646512 0.784211 0.70417
79 0.639399 0.420039 0.0695896 0.5745
0 0.607252 0.64344 0.785497 0.711519
79 0.647617 0.44696 0.0709629 0.511669
52 0.880295 0.842885 0.222137 0.232527
0 0.600298 0.639968 0.795482 0.717846
34 0.636795 0.436924 0.0885868 0.583566
0 0.602012 0.627138 0.792611 0.743978
79 0.645628 0.457723 0.0755981 0.546204
79 0.652323 0.565716 0.103347 0.851368
0 0.601638 0.636205 0.793662 0.725902
79 0.643445 0.455797 0.0818201 0.626907
79 0.651383 0.553892 0.0874317 0.820861
0 0.607453 0.64541 0.785095 0.708012
0 0.607994 0.644544 0.784011 0.709652
79 0.656345 0.56307 0.09802 0.84441
79 0.642742 0.471884 0.0812185 0.664494
0 0.607618 0.643147 0.784764 0.713001
79 0.657386 0.553091 0.0977049 0.828891
79 0.644457 0.512789 0.0814646 0.75061
0 0.603567 0.629693 0.792865 0.739226
79 0.645115 0.470919 0.0795897 0.674808
79 0.660089 0.565243 0.0992546 0.860994
0 0.601374 0.639362 0.796994 0.719612
79 0.642999 0.45227 0.0785097 0.638039
79 0.655677 0.564028 0.0989824 0.862666
0 0.601014 0.639667 0.795227 0.718785
79 0.642212 0.452668 0.0816511 0.635878
0 0.603967 0.643559 0.789398 0.710323
79 0.644843 0.449574 0.0807421 0.643305
0 0.603505 0.643222 0.789679 0.711033
79 0.657137 0.557492 0.0973734 0.867393
79 0.646212 0.459964 0.0824018 0.672236
0 0.602759 0.644734 0.791656 0.707848
79 0.65848 0.540095 0.0985912 0.860377
0 0.607983 0.648741 0.784035 0.700063
79 0.662232 0.474523 0.0955637 0.745318
0 0.60834 0.64807 0.78332 0.701785
79 0.672095 0.499032 0.0950577 0.810177
0 0.596671 0.646525 0.785812 0.704879
0 0.602234 0.648095 0.795532 0.701353
79 0.687632 0.504855 0.104378 0.836149
0 0.603015 0.646995 0.79397 0.70343
0 0.599294 0.64816 0.786542 0.701057
0 0.603046 0.647004 0.793909 0.70324
39 0.677423 0.30349 0.0858976 0.450595
79 0.684128 0.527951 0.1097 0.907731
0 0.600803 0.647391 0.790951 0.702952
79 0.68411 0.45967 0.099419 0.766512
0 0.602929 0.647309 0.794142 0.702697
0 0.601036 0.645996 0.790329 0.705407
39 0.677918 0.303382 0.0801825 0.442214
0 0.602179 0.647694 0.791254 0.702076
79 0.690484 0.483859 0.10219 0.806325
0 0.599682 0.647909 0.783324 0.701476
79 0.695231 0.483956 0.0991857 0.803384
0 0.602069 0.647671 0.792281 0.702191
0 0.602531 0.647352 0.792824 0.702745
0 0.602252 0.646686 0.791272 0.704016
67 0.717382 0.925653 0.0520115 0.148042
79 0.701544 0.492828 0.0927034 0.801855
0 0.603171 0.646753 0.790585 0.703782
79 0.70589 0.46692 0.0943039 0.758694
0 0.603536 0.64672 0.792386 0.704619
39 0.707117 0.310077 0.0746761 0.434353
0 0.603685 0.646344 0.792629 0.704982
79 0.720215 0.536803 0.0936674 0.892664
0 0.602309 0.647566 0.795383 0.702587
79 0.726804 0.517014 0.0911964 0.841211
0 0.602164 0.646392 0.795671 0.704983
79 0.74284 0.494539 0.0939654 0.793257
0 0.602005 0.644777 0.793631 0.707536
0 0.739877 0.320653 0.0899086 0.391793
0 0.602205 0.644022 0.79005 0.708831
79 0.718253 0.481688 0.0934944 0.641462
27 0.531984 0.985568 0.112642 0.0281008
0 0.530887 0.645713 0.647236 0.70802
0 0.555664 0.646758 0.726437 0.704646
0 0.560587 0.646133 0.727444 0.705849
0 0.567338 0.64613 0.721265 0.70609
0 0.568971 0.646362 0.732566 0.705135
0 0.580237 0.648049 0.721306 0.701086
67 0.550322 0.641898 0.0392895 0.100317
0 0.569275 0.650396 0.729325 0.697174
0 0.570001 0.650124 0.722912 0.697676
67 0.552563 0.637979 0.0396036 0.104831
0 0.570504 0.650216 0.726374 0.697458
67 0.552126 0.638656 0.040489 0.10478
0 0.568339 0.650942 0.728572 0.696112
0 0.567193 0.650109 0.733021 0.698037
0 0.5702 0.651762 0.725827 0.694808
67 0.552301 0.63485 0.0412298 0.102103
0 0.573106 0.651675 0.732834 0.694762
0 0.57127 0.65158 0.735243 0.694864
67 0.555014 0.633403 0.0408842 0.0993609
0 0.570377 0.651097 0.737944 0.696079
67 0.557522 0.633551 0.0392071 0.10027
0 0.575337 0.651218 0.739574 0.69563
0 0.597387 0.648675 0.739857 0.700345
67 0.579386 0.63532 0.0441754 0.102868
0 0.60888 0.647514 0.741017 0.702624
0 0.625525 0.644882 0.748949 0.708244
67 0.601447 0.649923 0.0500271 0.0978114
0 0.600388 0.642942 0.698838 0.712083
0 0.623243 0.642384 0.741409 0.715233
0 0.614456 0.641044 0.748351 0.714994
0 0.617306 0.640929 0.750392 0.715235
67 0.560872 0.663115 0.053286 0.097465
0 0.600395 0.639691 0.743365 0.720577
0 0.591876 0.640608 0.728695 0.716166
0 0.577873 0.643437 0.72471 0.710236
27 0.551352 0.975506 0.158762 0.0482315
0 0.577192 0.644957 0.738366 0.707673
0 0.493319 0.645533 0.565543 0.706678
0 0.593819 0.636054 0.793371 0.725389
0 0.444452 0.647566 0.453668 0.702636
0 0.607131 0.602112 0.785739 0.794037
0 0.599049 0.499013 0.794748 0.998025
27 0.557429 0.97916 0.0980974 0.0405217
27 0.533708 0.977667 0.151628 0.0438758
0 0.606374 0.499411 0.787253 0.998823
27 0.556965 0.978204 0.0986307 0.0423556
27 0.523477 0.974671 0.169574 0.0498352
0 0.745861 0.49013 0.505665 0.98026
0 0.606318 0.543335 0.787363 0.911816
27 0.558414 0.978264 0.100521 0.0422887
27 0.52586 0.974459 0.166175 0.0502914
0 0.605312 0.542292 0.789375 0.913956
27 0.559297 0.976381 0.106058 0.0460284
0 0.606073 0.499435 0.787853 0.99887
27 0.562886 0.976003 0.106907 0.0472492
0 0.809201 0.49844 0.380073 0.991645
0 0.599227 0.499193 0.786212 0.998387
27 0.564026 0.976363 0.105597 0.0466232
0 0.596825 0.506932 0.792318 0.984251
0 0.599068 0.672618 0.770193 0.653374
67 0.438172 0.41187 0.293087 0.818266
0 0.717003 0.490627 0.564064 0.979505
27 0.561353 0.97699 0.107747 0.045313
0 0.58696 0.710816 0.779815 0.575521
0 0.570768 0.500404 0.845332 0.990478
67 0.399255 0.537815 0.296851 0.911817
0 0.556145 0.69419 0.794678 0.610608
0 0.557591 0.505642 0.863558 0.988716
67 0.384184 0.549441 0.305754 0.900778
0 0.689051 0.499516 0.620335 0.996908
0 0.597106 0.50756 0.799335 0.972972
67 0.358804 0.57813 0.313935 0.843741
0 0.657403 0.497887 0.685194 0.995775
0 0.657912 0.497248 0.681327 0.993231
27 0.558227 0.979081 0.0993673 0.0407041
0 0.556593 0.558201 0.877249 0.882723
0 0.654095 0.497466 0.689003 0.992675
0 0.568044 0.591015 0.863912 0.816831
0 0.649815 0.496669 0.696728 0.991749
0 0.555032 0.567728 0.877653 0.863326
0 0.644651 0.496555 0.706795 0.98919
0 0.630725 0.501689 0.733841 0.984954
0 0.555641 0.599529 0.885626 0.79527
0 0.642199 0.498912 0.712073 0.988046
0 0.644426 0.517855 0.708007 0.951045
0 0.643622 0.508131 0.708395 0.97214
0 0.637676 0.527266 0.717658 0.935258
0 0.640583 0.544067 0.713593 0.902764
0 0.633381 0.566047 0.729763 0.860841
0 0.635563 0.58336 0.711437 0.827976
0 0.618834 0.594216 0.759845 0.803134
67 0.339416 0.702605 0.21813 0.590547
65 0.340873 0.703337 0.216546 0.588916
0 0.614831 0.587244 0.762001 0.819883
67 0.334529 0.693137 0.222574 0.613339
0 0.635544 0.589644 0.725266 0.80955
67 0.332233 0.69244 0.227734 0.614059
0 0.629744 0.582528 0.739553 0.822378
67 0.333439 0.684535 0.225577 0.629433
0 0.57362 0.584126 0.827423 0.830935
67 0.337824 0.659523 0.216979 0.633793
0 0.584055 0.572146 0.755336 0.854327
67 0.333691 0.631177 0.221171 0.634114
27 0.531042 0.979433 0.154838 0.0403048
0 0.604292 0.555538 0.78916 0.880594
67 0.332732 0.625679 0.220273 0.640636
27 0.532834 0.979342 0.154291 0.0404717
0 0.57464 0.579684 0.711186 0.838703
67 0.33353 0.6318 0.222225 0.652093
0 0.579545 0.576818 0.746435 0.844945
67 0.331539 0.629555 0.223154 0.652491
0 0.638113 0.555001 0.719634 0.871836
67 0.33181 0.626387 0.223137 0.651397
27 0.531426 0.978945 0.157211 0.0412983
0 0.642221 0.556729 0.710588 0.87653
67 0.330564 0.624343 0.222773 0.652444
0 0.549276 0.749188 0.662596 0.500957
0 0.596453 0.581958 0.781521 0.834241
67 0.328623 0.625476 0.221551 0.650882
0 0.555831 0.716096 0.679408 0.566894
0 0.553195 0.672455 0.681116 0.654102
0 0.642035 0.55501 0.712857 0.878125
67 0.328585 0.628192 0.224851 0.648905
0 0.589388 0.528961 0.811652 0.93723
27 0.520728 0.9752 0.151709 0.0488407
0 0.59305 0.645701 0.813327 0.706624
0 0.488488 0.650604 0.583695 0.698407
0 0.546789 0.650247 0.731471 0.697005
67 0.482983 0.637898 0.046044 0.0950005
0 0.569754 0.650526 0.744595 0.69676
0 0.563304 0.648248 0.742112 0.701194
0 0.568985 0.64619 0.732502 0.706209
0 0.568985 0.64619 0.732502 0.706209
0 0.591732 0.645597 0.733736 0.706703
0 0.594322 0.643465 0.725515 0.709852
0 0.609995 0.643968 0.755602 0.710239
0 0.616065 0.643679 0.755645 0.709921
0 0.62943 0.644613 0.735547 0.707091
79 0.68214 0.658334 0.0478394 0.104113
0 0.626598 0.643888 0.736425 0.709498
0 0.634657 0.648197 0.725058 0.701015
0 0.631623 0.652269 0.731374 0.693212
67 0.709027 0.656769 0.0398396 0.105578
0 0.631787 0.648205 0.734997 0.700406
0 0.633996 0.652236 0.726133 0.69357
67 0.710674 0.656342 0.040486 0.105525
0 0.634473 0.647315 0.731054 0.702721
0 0.640413 0.652765 0.717544 0.693551
0 0.633295 0.646902 0.732529 0.703872
0 0.662961 0.652677 0.672115 0.691753
0 0.681213 0.668171 0.63378 0.660206
0 0.674 0.669459 0.650861 0.657546
79 0.879192 0.729204 0.0455898 0.115869
0 0.682158 0.687164 0.634774 0.621654
67 0.89937 0.739783 0.044602 0.110042
0 0.681631 0.688075 0.635625 0.620234
0 0.866532 0.689918 0.265353 0.6192
0 0.657697 0.674523 0.683194 0.648265
0 0.668859 0.670622 0.659043 0.655613
0 0.632205 0.656804 0.730725 0.684418
0 0.629486 0.643542 0.73733 0.712021
0 0.616445 0.637145 0.75645 0.723585
0 0.602323 0.630494 0.749738 0.736318
0 0.595963 0.631865 0.768192 0.7348
0 0.594741 0.631147 0.768752 0.735941
0 0.600896 0.632063 0.795177 0.73334
0 0.590218 0.633716 0.782457 0.73106
27 0.546565 0.981495 0.1496 0.0365466
0 0.646211 0.639609 0.705109 0.720308
0 0.514029 0.639029 0.666832 0.720542
0 0.59232 0.648007 0.803339 0.70072
0 0.595202 0.649812 0.792838 0.697682
0 0.598275 0.649235 0.791247 0.698827
0 0.59309 0.652439 0.788967 0.692297
0 0.776691 0.745269 0.440211 0.507483
0 0.603027 0.650672 0.791288 0.697395
0 0.397846 0.653466 0.395199 0.692562
0 0.60106 0.654591 0.797369 0.690568
0 0.394372 0.65455 0.383086 0.689747
0 0.601322 0.654417 0.793218 0.691036
0 0.733039 0.650124 0.525393 0.698322
0 0.390695 0.655897 0.379536 0.686906
0 0.498211 0.659024 0.592327 0.681123
0 0.389314 0.658569 0.374412 0.681056
0 0.639989 0.646463 0.321349 0.703379
0 0.383317 0.660359 0.365976 0.677029
0 0.50322 0.654509 0.597955 0.690162
0 0.448048 0.660208 0.492618 0.677929
0 0.564304 0.655967 0.73731 0.685217
0 0.490556 0.660892 0.576512 0.676666
0 0.653996 0.615861 0.310466 0.763846
0 0.393617 0.660598 0.383974 0.677237
0 0.48802 0.665891 0.571278 0.666767
0 0.385797 0.663354 0.367996 0.671736
0 0.632131 0.596113 0.313827 0.807773
0 0.380716 0.662679 0.359115 0.672462
0 0.48452 0.66453 0.571366 0.670389
0 0.373587 0.667634 0.345262 0.663388
0 0.620161 0.584391 0.324313 0.825635
0 0.5574 0.662465 0.702685 0.673104
0 0.534568 0.585579 0.652415 0.827649
0 0.370376 0.664922 0.333631 0.667962
0 0.591998 0.566788 0.34695 0.861105
0 0.555045 0.571246 0.700403 0.856508
0 0.492991 0.616853 0.572919 0.765197
0 0.588559 0.563001 0.342422 0.869946
0 0.558463 0.572794 0.717321 0.853149
0 0.584975 0.562851 0.343941 0.870042
0 0.486546 0.569365 0.569855 0.860186
0 0.582459 0.562684 0.345982 0.86988
0 0.544154 0.667292 0.675207 0.664032
0 0.58624 0.565664 0.342952 0.86748
0 0.362597 0.664342 0.321189 0.669613
0 0.518153 0.573834 0.627182 0.851786
0 0.531275 0.577781 0.65136 0.843075
0 0.593562 0.565438 0.353075 0.864135
0 0.526767 0.593999 0.643866 0.810493
0 0.594711 0.565656 0.350845 0.864534
0 0.572141 0.646679 0.726276 0.704881
0 0.592431 0.566742 0.350375 0.863811
0 0.362091 0.66775 0.317761 0.662642
0 0.5274 0.576922 0.641041 0.844889
0 0.553972 0.667802 0.699771 0.662947
0 0.355597 0.667766 0.310963 0.662015
0 0.485201 0.655346 0.571627 0.687589
0 0.576188 0.56326 0.355414 0.869251
0 0.564891 0.561814 0.725676 0.874086
0 0.487307 0.645208 0.571298 0.706789
0 0.55225 0.564786 0.695956 0.86872
0 0.481721 0.664784 0.563846 0.667698
0 0.528228 0.595563 0.662062 0.806995
0 0.557262 0.564399 0.364085 0.868561
0 0.474687 0.663992 0.570439 0.670352
0 0.559336 0.560095 0.738054 0.876857
0 0.466616 0.55119 0.52295 0.895471
0 0.53863 0.560115 0.749279 0.877619
0 0.447706 0.546514 0.490821 0.90398
0 0.577632 0.554107 0.705497 0.889155
67 0.528664 0.656259 0.11622 0.0908859
0 0.469582 0.534161 0.536459 0.930762
0 0.560649 0.565241 0.7332 0.867213
0 0.551022 0.645145 0.726449 0.707055
0 0.497859 0.540817 0.582175 0.917033
67 0.497293 0.640766 0.120903 0.0907705
0 0.562687 0.643396 0.720594 0.711117
0 0.474332 0.539963 0.467042 0.916719
67 0.485682 0.636953 0.124089 0.100507
0 0.557428 0.653028 0.735357 0.690802
0 0.465653 0.532402 0.491076 0.931991
67 0.484451 0.63587 0.125501 0.0988781
0 0.554732 0.652991 0.725652 0.691485
0 0.497912 0.546254 0.555818 0.904431
67 0.476346 0.633952 0.127221 0.0973241
0 0.552995 0.649674 0.727242 0.698371
0 0.482148 0.550061 0.50002 0.895755
0 0.563707 0.644395 0.721815 0.708733
0 0.487671 0.592427 0.556474 0.80957
0 0.565637 0.651526 0.719689 0.694794
0 0.37723 0.532098 0.354161 0.933668
67 0.422764 0.625017 0.131578 0.0917182
0 0.554369 0.634932 0.715629 0.727998
0 0.367242 0.530689 0.352884 0.93606
27 0.546413 0.981312 0.141623 0.036565
0 0.554935 0.638433 0.716769 0.721318
0 0.365287 0.530343 0.358797 0.935356
0 0.444484 0.537319 0.514629 0.923754
0 0.560519 0.651618 0.724924 0.694127
0 0.363404 0.529572 0.356925 0.937124
0 0.561767 0.651996 0.71767 0.693551
27 0.544919 0.981103 0.141961 0.0370758
0 0.558078 0.633145 0.725749 0.731881
0 0.369144 0.539966 0.365641 0.917645
27 0.543936 0.980737 0.139306 0.0377538
0 0.552208 0.63564 0.708751 0.726968
0 0.537675 0.641483 0.731102 0.715579
0 0.360439 0.530726 0.362704 0.935679
0 0.556059 0.65326 0.737989 0.690899
67 0.404005 0.634245 0.132228 0.0906858
0 0.363069 0.525855 0.372188 0.943354
0 0.561627 0.649954 0.729836 0.698313
0 0.375681 0.540945 0.380374 0.911818
0 0.556231 0.650409 0.738138 0.697623
0 0.381574 0.546851 0.377175 0.901555
0 0.560038 0.566091 0.749256 0.866285
0 0.488633 0.564264 0.479508 0.869986
0 0.562115 0.6157 0.736772 0.766054
0 0.542722 0.65409 0.712092 0.689247
0 0.843008 0.693809 0.312915 0.609017
27 0.545086 0.981376 0.136951 0.0363744
0 0.518366 0.654183 0.630848 0.688704
0 0.871972 0.755928 0.254987 0.487038
27 0.543286 0.980796 0.14353 0.0376368
0 0.558726 0.648102 0.700935 0.702164
67 0.454763 0.647062 0.0482788 0.0871752
0 0.571784 0.64615 0.714799 0.704981
27 0.580199 0.980806 0.0984685 0.0371559
0 0.564446 0.64484 0.702473 0.707515
67 0.46294 0.646901 0.0493376 0.091142
0 0.580994 0.639248 0.732012 0.719863
67 0.462924 0.650855 0.0480679 0.0900628
27 0.58478 0.976723 0.104577 0.0453698
0 0.576432 0.642787 0.750725 0.71203
67 0.460753 0.651816 0.0453057 0.0895882
0 0.583489 0.642531 0.75641 0.712203
27 0.591609 0.97551 0.111302 0.0481517
0 0.583349 0.640143 0.770372 0.717024
27 0.574907 0.974327 0.147035 0.0504971
0 0.584038 0.637188 0.749941 0.722657
27 0.596801 0.97439 0.108757 0.0504316
0 0.579874 0.638693 0.763315 0.71981
27 0.596361 0.973846 0.111356 0.0515099
0 0.584487 0.641214 0.745877 0.715988
27 0.600598 0.974414 0.106274 0.0503282
0 0.583479 0.641009 0.76934 0.714996
0 0.584837 0.638783 0.761542 0.719406
27 0.583552 0.972935 0.155545 0.053242
0 0.592923 0.640269 0.746273 0.718119
0 0.589547 0.641098 0.751235 0.714766
27 0.586016 0.971227 0.140706 0.0566769
0 0.581799 0.637344 0.758883 0.722376
27 0.603417 0.974127 0.125017 0.0509931
0 0.585311 0.638188 0.75094 0.72096
27 0.596052 0.972332 0.123892 0.0544458
0 0.579024 0.638321 0.764694 0.720166
27 0.601395 0.974127 0.106587 0.0508929
0 0.574925 0.644505 0.730582 0.708687
0 0.579206 0.636626 0.723386 0.724984
27 0.538989 0.982174 0.139633 0.0352765
0 0.565215 0.651684 0.685572 0.695447
0 0.599551 0.641206 0.730988 0.715883
0 0.610963 0.646447 0.726545 0.704072
0 0.607852 0.622111 0.757533 0.752874
0 0.599846 0.588481 0.800307 0.821257
0 0.675732 0.596867 0.450825 0.80118
0 0.719268 0.690431 0.429991 0.61582
15 0.750757 0.792037 0.440955 0.413595
15 0.733148 0.768228 0.448259 0.463101
0 0.732622 0.768298 0.448102 0.461689
0 0.669577 0.772818 0.443886 0.452255
0 0.715619 0.834487 0.417568 0.329111
0 0.711188 0.845077 0.397341 0.307943
0 0.722244 0.812457 0.419653 0.372335
0 0.761937 0.793935 0.441871 0.40977
0 0.74348 0.806972 0.446475 0.383424
0 0.717297 0.774968 0.452888 0.44806
0 0.697358 0.737387 0.475775 0.523494
0 0.687087 0.721581 0.479342 0.555139
0 0.655566 0.674863 0.462442 0.648659
0 0.596514 0.623331 0.574106 0.751694
0 0.617767 0.583464 0.748284 0.832759
0 0.579533 0.508956 0.840934 0.978802
0 0.475081 0.50171 0.773111 0.989328
0 0.389016 0.501108 0.772569 0.997783
0 0.46883 0.498676 0.862038 0.997352
0 0.546314 0.501258 0.893646 0.991132
0 0.54135 0.500947 0.915724 0.995053
0 0.551984 0.500043 0.886949 0.987415
0 0.554658 0.503498 0.889491 0.990763
0 0.56751 0.560386 0.84186 0.87704
0 0.54807 0.556295 0.894269 0.884468
0 0.596141 0.607674 0.354475 0.783882
0 0.595413 0.626437 0.546805 0.746158
0 0.583163 0.632421 0.513342 0.734146
0 0.553538 0.638601 0.476281 0.721
0 0.592411 0.642694 0.410977 0.712922
0 0.609778 0.650266 0.370556 0.698495
0 0.629057 0.633617 0.465116 0.732236
0 0.643506 0.628942 0.508704 0.741291
0 0.631495 0.638393 0.409263 0.721748
0 0.649744 0.635076 0.465028 0.729224
0 0.599488 0.651594 0.391176 0.695841
0 0.582334 0.662072 0.351818 0.674257
0 0.570325 0.652911 0.400306 0.692522
0 0.562849 0.651112 0.407891 0.6971
0 0.549747 0.669945 0.366948 0.658408
0 0.552344 0.684137 0.357478 0.630605
0 0.565559 0.671323 0.393035 0.656002
0 0.561128 0.680065 0.374609 0.63872
0 0.554166 0.688138 0.376407 0.622311
0 0.563654 0.688157 0.399278 0.62179
0 0.574071 0.686835 0.386741 0.624504
0 0.63677 0.677254 0.379641 0.643571
0 0.497938 0.57276 0.995876 0.851647
0 0.495145 0.511556 0.978809 0.970439
0 0.686591 0.650856 0.463889 0.695922
0 0.499571 0.504461 0.996253 0.985684
0 0.741792 0.611173 0.515864 0.775148
0 0.504351 0.555448 0.98859 0.886248
0 0.736162 0.580389 0.52702 0.836109
0 0.50048 0.510976 0.992967 0.974957
0 0.739545 0.560515 0.520387 0.875337
72 0.4991 0.498906 0.9982 0.997812
0 0.73425 0.581429 0.530113 0.834827
0 0.50018 0.509925 0.996262 0.979841
0 0.715557 0.533124 0.565651 0.930126
0 0.708511 0.544943 0.581038 0.907846
0 0.722025 0.556156 0.554595 0.884756
0 0.679757 0.55012 0.640487 0.898395
0 0.666674 0.501686 0.662328 0.994364
0 0.616556 0.50277 0.762251 0.992784
0 0.615727 0.501947 0.76674 0.993488
0 0.54868 0.502723 0.90264 0.994554
0 0.528236 0.500187 0.943527 0.997339
0 0.520297 0.500417 0.951611 0.995817
27 0.497726 0.944003 0.114659 0.111205
0 0.517436 0.499257 0.958344 0.998514
27 0.512564 0.938359 0.130616 0.122629
0 0.496617 0.499318 0.98372 0.998637
0 0.463628 0.500206 0.927255 0.997141
0 0.462453 0.499738 0.924906 0.997614
27 0.393263 0.909493 0.0956894 0.180072
0 0.467607 0.500675 0.935214 0.996551
27 0.42279 0.934446 0.0894608 0.130268
0 0.473504 0.500582 0.945181 0.996749
0 0.513903 0.499355 0.939871 0.998711
0 0.552328 0.499742 0.89291 0.999485
27 0.578222 0.969785 0.14029 0.0597502
0 0.559044 0.500208 0.877597 0.997314
27 0.59678 0.971172 0.129454 0.0569603
0 0.580783 0.505645 0.838434 0.988711
0 0.607441 0.506599 0.785119 0.984222
0 0.624136 0.50505 0.749723 0.987554
0 0.626324 0.504887 0.744698 0.990225
0 0.635661 0.504527 0.72841 0.990946
0 0.65517 0.502779 0.686715 0.991322
0 0.66237 0.504332 0.670933 0.984989
0 0.653187 0.503976 0.692471 0.992048
0 0.653492 0.504859 0.692113 0.990281
0 0.658322 0.504123 0.683269 0.991754
0 0.653147 0.503879 0.693707 0.992242
0 0.652951 0.50427 0.694097 0.99076
0 0.652454 0.505823 0.695092 0.988354
0 0.648024 0.499441 0.703953 0.998881
0 0.639868 0.499983 0.718287 0.996975
0 0.638199 0.500228 0.721325 0.996439
0 0.62885 0.514015 0.742188 0.969424
0 0.919186 0.635311 0.161069 0.439533
0 0.628789 0.521515 0.742422 0.95433
0 0.911238 0.630706 0.176998 0.452237
0 0.628058 0.500033 0.743775 0.997966
0 0.931238 0.616694 0.136117 0.4181
0 0.625841 0.499497 0.748122 0.998995
0 0.62558 0.499525 0.746051 0.99905
0 0.623116 0.503925 0.748435 0.989135
0 0.622277 0.49919 0.751795 0.99838
0 0.621538 0.499592 0.753525 0.998099
0 0.626139 0.504288 0.744063 0.987909
0 0.62536 0.504509 0.745731 0.990983
0 0.630328 0.504709 0.737381 0.990582
79 0.839084 0.452563 0.0643005 0.103175
0 0.632765 0.50039 0.730789 0.997031
0 0.62796 0.49947 0.74286 0.998939
0 0.641556 0.513522 0.710041 0.972957
0 0.654902 0.514356 0.687471 0.968821
0 0.663891 0.518717 0.668311 0.957678
0 0.664639 0.512515 0.667531 0.970797
0 0.66335 0.502054 0.670413 0.992078
79 0.829064 0.453561 0.0815754 0.105543
0 0.663245 0.499236 0.670646 0.998472
79 0.835171 0.443337 0.0812883 0.0998227
0 0.672539 0.50662 0.653178 0.984098
0 0.679275 0.499373 0.638159 0.998745
0 0.707642 0.503316 0.583138 0.988815
0 0.734556 0.534475 0.529266 0.92655
0 0.859797 0.600209 0.279743 0.709076
2 0.703036 0.810093 0.147146 0.0849775
2 0.759515 0.717982 0.14991 0.0814065
2 0.777599 0.69274 0.15328 0.0801954
2 0.77607 0.75326 0.156709 0.0829178
2 0.366496 0.937092 0.176112 0.0770665
2 0.226505 0.794859 0.211518 0.108782
2 0.211503 0.699574 0.212685 0.120378
2 0.208941 0.690958 0.210594 0.113853
0 0.309318 0.713255 0.0811008 0.107594
2 0.183294 0.756516 0.20727 0.104291
0 0.848226 0.542052 0.302151 0.912341
9 0.0602512 0.110926 0.12019 0.221853
0 0.781123 0.499085 0.435007 0.998169
9 0.0266891 0.120926 0.0533782 0.131987
0 0.620197 0.502088 0.758789 0.98904
0 0.659049 0.53995 0.676821 0.917918
0 0.636774 0.576593 0.706541 0.845358
0 0.61886 0.586327 0.755714 0.826584
0 0.609871 0.572115 0.780259 0.854671
0 0.617712 0.573094 0.764575 0.852271
0 0.617791 0.582163 0.761387 0.833408
0 0.608792 0.579774 0.782205 0.837765
0 0.607486 0.586251 0.783398 0.824856
0 0.609031 0.577006 0.781163 0.844197
0 0.605449 0.567102 0.781303 0.864433
0 0.601594 0.565937 0.794224 0.864782
0 0.599561 0.580961 0.797538 0.835008
0 0.59483 0.579511 0.805009 0.838138
27 0.606068 0.973331 0.148965 0.0525232
0 0.583307 0.582595 0.792528 0.831821
27 0.59875 0.969334 0.143279 0.0605395
0 0.592265 0.571412 0.810604 0.854707
0 0.586251 0.565493 0.827499 0.866288
0 0.58237 0.538302 0.834241 0.919251
0 0.575714 0.545908 0.848571 0.904215
0 0.580807 0.516861 0.83771 0.962077
0 0.579028 0.506063 0.841316 0.984133
0 0.571667 0.504854 0.854153 0.986947
0 0.553222 0.512236 0.893557 0.972912
0 0.549565 0.500811 0.899257 0.995969
0 0.558047 0.5053 0.883018 0.985802
0 0.558611 0.503796 0.87989 0.98858
56 0.847755 0.722912 0.304107 0.44331
15 0.575478 0.550029 0.796781 0.89793
15 0.442944 0.552223 0.623074 0.894018
0 0.465216 0.547561 0.67641 0.902176
0 0.463929 0.54024 0.536296 0.916557
0 0.468574 0.500218 0.504646 0.993278
0 0.566808 0.753705 0.321813 0.492103
0 0.520073 0.500376 0.619146 0.994369
0 0.560996 0.76996 0.345974 0.459021
0 0.480892 0.500209 0.629916 0.993534
0 0.518555 0.505236 0.905434 0.988351
0 0.54226 0.50535 0.807184 0.986591
0 0.547772 0.726692 0.669805 0.545298
0 0.527612 0.498268 0.831191 0.994112
0 0.561609 0.678538 0.677405 0.641527
0 0.544352 0.675594 0.717474 0.647418
0 0.548121 0.673405 0.706396 0.652365
0 0.539134 0.670142 0.731265 0.658751
0 0.54795 0.669445 0.716548 0.660022
27 0.566995 0.974099 0.102621 0.0507542
0 0.543778 0.667919 0.713702 0.663226
0 0.543998 0.669624 0.719981 0.659668
0 0.545713 0.669153 0.715268 0.660831
0 0.550645 0.670287 0.698671 0.658523
27 0.528792 0.973759 0.174631 0.0517288
0 0.5624 0.668626 0.72171 0.66049
0 0.562689 0.668562 0.718482 0.661267
0 0.548273 0.66638 0.700816 0.664884
0 0.569257 0.66846 0.663037 0.661468
27 0.532151 0.974065 0.16724 0.0510742
0 0.551499 0.711499 0.689492 0.576023
0 0.496138 0.548907 0.864814 0.900897
0 0.510075 0.612167 0.812494 0.77438
0 0.453735 0.499412 0.639656 0.998824
67 0.343188 0.557686 0.334592 0.86153
0 0.515994 0.704115 0.788157 0.589609
0 0.480107 0.499825 0.635229 0.998193
0 0.48895 0.49539 0.554047 0.984972
0 0.522043 0.512093 0.785095 0.975814
0 0.515238 0.768675 0.773826 0.461431
67 0.433764 0.541161 0.240413 0.888168
0 0.487326 0.750179 0.815255 0.498836
0 0.481347 0.49355 0.571755 0.980681
0 0.459518 0.727813 0.529275 0.5423
0 0.504811 0.654449 0.808521 0.684227
67 0.439044 0.554599 0.233902 0.861958
0 0.492998 0.728354 0.796138 0.541516
67 0.446045 0.537948 0.23159 0.839857
0 0.49426 0.5 0.556411 1
67 0.440962 0.536597 0.236182 0.842149
0 0.512604 0.663924 0.783895 0.671863
0 0.498351 0.5 0.554106 1
67 0.435684 0.53237 0.233967 0.828807
0 0.467147 0.494388 0.594217 0.983993
65 0.435645 0.527097 0.236896 0.819573
0 0.524118 0.763651 0.760751 0.472141
0 0.522911 0.649557 0.762252 0.699891
67 0.430045 0.527266 0.237467 0.822952
0 0.495053 0.748835 0.795587 0.501241
0 0.481723 0.496161 0.574474 0.987905
0 0.53166 0.569205 0.77524 0.861589
0 0.480303 0.495702 0.565067 0.986247
67 0.427873 0.546154 0.239112 0.853848
0 0.506649 0.725048 0.792931 0.548429
0 0.532633 0.555389 0.802792 0.889223
65 0.427465 0.526875 0.240556 0.816446
67 0.424279 0.553687 0.24023 0.867509
0 0.533868 0.540615 0.752061 0.91877
0 0.484006 0.496844 0.561189 0.988261
0 0.499962 0.747936 0.780082 0.502511
65 0.424051 0.536882 0.242723 0.845065
67 0.36087 0.484049 0.296985 0.957825
0 0.514142 0.617109 0.750537 0.764372
0 0.456847 0.499643 0.620083 0.987887
67 0.380716 0.471278 0.2293 0.851314
0 0.494722 0.62636 0.782269 0.746008
0 0.447816 0.50083 0.65402 0.988769
0 0.501202 0.643826 0.803996 0.711203
0 0.518778 0.510884 0.840201 0.977293
0 0.500573 0.50552 0.884783 0.98896
67 0.306995 0.543761 0.409338 0.912477
0 0.49294 0.501869 0.776948 0.987963
67 0.398168 0.550116 0.22997 0.891003
67 0.306838 0.552364 0.411922 0.895272
0 0.531679 0.508237 0.856335 0.983474
67 0.408565 0.476659 0.167972 0.694449
67 0.413426 0.567862 0.194577 0.858904
0 0.515326 0.500155 0.813316 0.993045
0 0.525077 0.499887 0.819363 0.999774
0 0.521769 0.500395 0.836842 0.998256
0 0.515153 0.49992 0.843015 0.998468
0 0.490107 0.499318 0.804595 0.991353
0 0.537736 0.508618 0.797293 0.980857
0 0.508313 0.519873 0.816774 0.959547
0 0.520486 0.504501 0.805402 0.990769
0 0.531191 0.520995 0.812589 0.957189
0 0.534956 0.718181 0.756393 0.562812
0 0.52681 0.513558 0.811103 0.972071
0 0.513692 0.701082 0.752548 0.596716
0 0.522702 0.541101 0.794377 0.917798
0 0.530293 0.702566 0.742338 0.594256
67 0.427255 0.573168 0.189712 0.821716
0 0.497605 0.544439 0.836956 0.911122
0 0.517589 0.573599 0.801687 0.851888
0 0.524083 0.54326 0.825877 0.911714
0 0.512068 0.689728 0.779128 0.619924
67 0.426147 0.568877 0.192563 0.805451
0 0.519633 0.510189 0.824159 0.978705
67 0.421488 0.564151 0.185 0.77995
0 0.523748 0.535497 0.795243 0.928267
0 0.532469 0.497176 0.811188 0.994352
67 0.415584 0.566331 0.190573 0.787885
0 0.521812 0.514295 0.830646 0.970428
67 0.414411 0.469784 0.186617 0.583332
0 0.534232 0.496761 0.81645 0.993523
67 0.414399 0.498505 0.19036 0.645474
0 0.509213 0.499997 0.778179 0.992186
67 0.416257 0.568438 0.19046 0.788
0 0.532677 0.528019 0.804801 0.942697
0 0.546079 0.496909 0.796073 0.993817
0 0.521416 0.509724 0.802167 0.978485
67 0.412627 0.478361 0.185608 0.592744
0 0.505298 0.722534 0.768019 0.553878
0 0.49845 0.53855 0.822632 0.92183
0 0.504963 0.703726 0.802642 0.591767
67 0.41321 0.506152 0.194648 0.660871
0 0.527176 0.499629 0.875193 0.998921
67 0.411585 0.481736 0.191728 0.619608
0 0.515931 0.500521 0.848128 0.997924
67 0.312684 0.584703 0.426817 0.827466
0 0.522041 0.766167 0.798536 0.466729
0 0.463805 0.495973 0.689196 0.982645
0 0.530578 0.648337 0.882655 0.702345
67 0.338084 0.610883 0.235382 0.776881
0 0.493636 0.501797 0.807645 0.991577
0 0.50773 0.674498 0.813605 0.648448
67 0.330197 0.60734 0.242584 0.770559
0 0.458734 0.500182 0.696343 0.992605
0 0.490942 0.712265 0.833524 0.573811
67 0.314767 0.629024 0.261933 0.741109
0 0.435063 0.499765 0.686608 0.993419
67 0.330645 0.627679 0.213863 0.739589
0 0.495297 0.704634 0.812204 0.589319
0 0.453182 0.500443 0.726834 0.994672
67 0.36757 0.621282 0.248272 0.751113
0 0.518144 0.709539 0.785708 0.579841
0 0.435872 0.497541 0.711688 0.988209
67 0.326337 0.597161 0.258022 0.80411
0 0.499392 0.606663 0.933866 0.785852
65 0.327457 0.599549 0.256116 0.800156
0 0.2073 0.821917 0.248334 0.354344
0 0.556341 0.683366 0.710399 0.630708
67 0.316792 0.579141 0.29132 0.841718
0 0.493696 0.604231 0.93952 0.789478
0 0.248904 0.828459 0.495454 0.342208
0 0.42291 0.500233 0.684297 0.998776
65 0.317033 0.582696 0.290775 0.831578
67 0.316356 0.578888 0.291431 0.842224
0 0.243296 0.82421 0.482939 0.351221
0 0.485741 0.615932 0.947455 0.766205
0 0.58093 0.671535 0.627483 0.654083
67 0.312551 0.566748 0.296778 0.863728
0 0.63128 0.678213 0.510675 0.64162
0 0.230828 0.818347 0.459657 0.362078
0 0.416188 0.500261 0.710648 0.99904
67 0.304323 0.56568 0.296539 0.863015
65 0.303758 0.562761 0.297203 0.872611
0 0.445001 0.660566 0.869375 0.677822
0 0.230181 0.812814 0.458134 0.372838
0 0.460691 0.50001 0.902925 0.996554
0 0.340034 0.810395 0.677912 0.379211
0 0.631079 0.668651 0.504254 0.661368
65 0.30293 0.560852 0.300122 0.878295
67 0.302186 0.552541 0.301244 0.890676
0 0.629316 0.703696 0.509565 0.591118
0 0.227415 0.807025 0.451261 0.385228
0 0.455144 0.688492 0.852673 0.621865
65 0.308809 0.56048 0.302093 0.879039
67 0.312014 0.553669 0.295756 0.887874
0 0.459183 0.674988 0.900363 0.649516
0 0.234626 0.800762 0.460985 0.397094
0 0.398809 0.500216 0.742701 0.999568
65 0.307605 0.557885 0.301678 0.88423
67 0.309792 0.546767 0.296382 0.906465
0 0.447596 0.665543 0.880621 0.668591
0 0.271919 0.798025 0.540199 0.403498
0 0.45985 0.500461 0.904331 0.99489
65 0.306775 0.557297 0.304421 0.885407
67 0.308306 0.556842 0.304231 0.886316
0 0.461351 0.652377 0.889671 0.694502
0 0.230394 0.799329 0.45421 0.399985
0 0.63451 0.658886 0.497832 0.680924
65 0.3058 0.555674 0.302112 0.888651
67 0.308603 0.546707 0.297331 0.904057
0 0.451585 0.668494 0.87242 0.662068
0 0.370294 0.798628 0.733198 0.402139
0 0.634019 0.668823 0.497911 0.66098
0 0.247287 0.798473 0.489505 0.402383
65 0.306296 0.554273 0.304577 0.891454
67 0.307607 0.544069 0.301356 0.911861
0 0.448721 0.688056 0.868259 0.623564
0 0.236134 0.798389 0.466691 0.402874
0 0.636454 0.699493 0.491922 0.599555
65 0.305875 0.552044 0.302505 0.895912
67 0.307455 0.540915 0.300703 0.918169
0 0.233359 0.797076 0.463428 0.405849
0 0.472736 0.649942 0.918947 0.698617
0 0.45282 0.501129 0.885715 0.99484
0 0.638037 0.694503 0.489768 0.609433
67 0.301027 0.553116 0.30847 0.893767
0 0.627 0.681943 0.509323 0.63489
0 0.45687 0.682747 0.845544 0.633329
0 0.22945 0.798481 0.455664 0.402006
65 0.297557 0.55377 0.306856 0.891184
67 0.297498 0.554408 0.310151 0.891184
0 0.629057 0.66975 0.512804 0.659408
0 0.456149 0.654103 0.873874 0.690766
0 0.2176 0.800421 0.433009 0.396714
67 0.31486 0.559612 0.300979 0.880776
0 0.474715 0.699967 0.837164 0.599078
0 0.635619 0.708752 0.498364 0.58119
0 0.426201 0.499597 0.685916 0.994682
67 0.340112 0.565243 0.284782 0.866313
65 0.340259 0.564483 0.285786 0.869925
0 0.249958 0.798079 0.492736 0.403345
0 0.495602 0.663477 0.938952 0.672454
0 0.495023 0.501064 0.924639 0.997601
0 0.382716 0.798143 0.749244 0.401879
65 0.350984 0.588038 0.28798 0.823923
0 0.489249 0.60619 0.912924 0.787326
0 0.412137 0.500091 0.705144 0.990192
67 0.354836 0.582419 0.283229 0.824989
67 0.339798 0.587451 0.287212 0.821715
65 0.339556 0.592029 0.293186 0.813119
0 0.453743 0.636892 0.886037 0.72513
0 0.483905 0.499758 0.885035 0.994188
0 0.252793 0.799662 0.478651 0.399042
65 0.322398 0.594192 0.289729 0.811616
67 0.322407 0.590315 0.287781 0.816524
0 0.399592 0.499319 0.732992 0.991456
0 0.449871 0.682775 0.869126 0.633409
0 0.631382 0.698239 0.502468 0.602042
0 0.237496 0.808348 0.470837 0.382811
67 0.30331 0.593351 0.287602 0.81258
65 0.301961 0.595995 0.290898 0.80801
0 0.619818 0.702823 0.534825 0.592997
0 0.415977 0.498768 0.707819 0.991344
67 0.282454 0.585507 0.277616 0.828986
0 0.601313 0.667966 0.572337 0.662653
65 0.266548 0.589836 0.28178 0.819576
67 0.266313 0.583201 0.283438 0.833597
0 0.599137 0.679783 0.576078 0.639113
0 0.210775 0.804757 0.419818 0.388995
0 0.439187 0.499415 0.857317 0.996137
65 0.263739 0.58626 0.281954 0.827368
67 0.26327 0.584474 0.283864 0.831053
0 0.587761 0.665914 0.598561 0.666948
65 0.262445 0.584593 0.282074 0.830815
67 0.262122 0.583572 0.284395 0.832857
0 0.610108 0.697236 0.588457 0.604066
0 0.452389 0.499327 0.891393 0.997977
0 0.210348 0.804878 0.419305 0.389164
65 0.266203 0.583412 0.2798 0.833134
67 0.265806 0.582341 0.282059 0.835318
0 0.569389 0.682909 0.632121 0.632722
0 0.416411 0.498921 0.821765 0.996686
0 0.211113 0.804239 0.420633 0.389469
0 0.458016 0.707776 0.854329 0.583864
65 0.269076 0.586236 0.278767 0.827528
67 0.267955 0.585017 0.281688 0.829966
0 0.577231 0.655882 0.613199 0.686203
0 0.212587 0.80426 0.423418 0.390212
0 0.427667 0.500145 0.840058 0.996581
67 0.268408 0.582479 0.283046 0.835042
65 0.269442 0.583248 0.279576 0.833503
0 0.609418 0.718001 0.570795 0.562639
0 0.210747 0.805066 0.418528 0.388366
0 0.425313 0.500049 0.834207 0.999135
67 0.268232 0.583473 0.284126 0.833054
65 0.268653 0.59057 0.281797 0.818695
0 0.601177 0.711043 0.56243 0.576657
0 0.443848 0.499331 0.874283 0.996904
0 0.209464 0.806777 0.417345 0.386219
67 0.279701 0.583275 0.274829 0.831851
65 0.27853 0.590765 0.278574 0.817178
0 0.58662 0.66907 0.595361 0.660306
0 0.210024 0.806223 0.416867 0.385509
0 0.43069 0.49888 0.842144 0.997261
67 0.288528 0.585454 0.268651 0.829091
65 0.288457 0.592025 0.275404 0.815951
0 0.612674 0.706584 0.545162 0.585376
0 0.450289 0.499837 0.883025 0.995085
0 0.216325 0.805676 0.430663 0.387844
0 0.484149 0.712609 0.81965 0.573675
67 0.294341 0.589554 0.269119 0.820893
65 0.295037 0.591238 0.272556 0.817523
0 0.603765 0.668716 0.56029 0.660956
0 0.453733 0.499872 0.885202 0.995968
0 0.490272 0.668546 0.817516 0.661922
67 0.294607 0.590189 0.270116 0.819623
65 0.29501 0.591577 0.272802 0.814048
0 0.40459 0.500632 0.722629 0.994062
0 0.460821 0.674317 0.900513 0.650625
0 0.337884 0.806522 0.673028 0.384991
67 0.290476 0.591306 0.269589 0.817388
65 0.29002 0.594112 0.276017 0.810674
0 0.44957 0.500225 0.881312 0.993303
0 0.22067 0.807953 0.440078 0.383142
0 0.575647 0.631779 0.609935 0.734669
67 0.284904 0.590959 0.271243 0.818081
65 0.286518 0.592897 0.273442 0.814206
0 0.459816 0.701094 0.859549 0.596443
0 0.459321 0.499322 0.899842 0.995874
0 0.584817 0.704868 0.596628 0.588547
0 0.22031 0.813156 0.438109 0.373452
67 0.281955 0.595393 0.273318 0.809214
65 0.284516 0.597442 0.27321 0.803995
0 0.611061 0.669755 0.544504 0.659208
0 0.407379 0.499561 0.792751 0.996042
0 0.215342 0.816435 0.428048 0.366369
67 0.284128 0.590772 0.274155 0.818031
65 0.284024 0.591904 0.276675 0.81499
0 0.441032 0.699366 0.878063 0.600355
0 0.450139 0.499415 0.88266 0.994257
0 0.216101 0.816894 0.430281 0.365959
0 0.560556 0.715622 0.663793 0.566783
67 0.271416 0.595657 0.283486 0.806026
0 0.601172 0.68606 0.566158 0.626605
0 0.0847601 0.752312 0.15336 0.246345
0 0.0821267 0.813227 0.161026 0.368924
0 0.555197 0.718121 0.686518 0.562466
0 0.547262 0.712253 0.679081 0.574132
0 0.547144 0.712124 0.681646 0.574404
0 0.549142 0.706774 0.690212 0.585183
0 0.525447 0.697128 0.728437 0.604914
0 0.550334 0.705506 0.711485 0.588019
0 0.550302 0.703371 0.704941 0.592156
0 0.554912 0.704453 0.70274 0.590094
27 0.521229 0.979942 0.167491 0.0394483
0 0.551111 0.706685 0.695696 0.585652
0 0.511191 0.70316 0.77105 0.593127
0 0.554871 0.499217 0.866565 0.996603
0 0.586308 0.706743 0.71055 0.58437
0 0.569078 0.498751 0.819828 0.997503
15 0.598577 0.500331 0.613362 0.994971
0 0.707698 0.673239 0.582677 0.648479
0 0.786902 0.498661 0.425158 0.988005
0 0.109262 0.844005 0.218043 0.310861
0 0.739676 0.686828 0.519634 0.623558
0 0.116954 0.844873 0.233528 0.30825
0 0.157799 0.82971 0.299599 0.339572
15 0.688834 0.503931 0.621317 0.983601
0 0.684493 0.50091 0.629495 0.994547
15 0.737067 0.496336 0.524425 0.992253
0 0.258049 0.869721 0.251804 0.259743
0 0.500229 0.499542 0.995028 0.99666
0 0.657663 0.500809 0.675394 0.992086
0 0.501612 0.497667 0.992063 0.995335
0 0.729667 0.498208 0.540083 0.995319
0 0.501383 0.499564 0.99162 0.994998
0 0.777366 0.498374 0.44284 0.992507
0 0.808318 0.496766 0.38126 0.993531
0 0.861547 0.528183 0.274912 0.913901
0 0.855928 0.374668 0.285769 0.7365
0 0.859786 0.327769 0.278189 0.655538
0 0.901112 0.503676 0.19727 0.990627
0 0.861245 0.499219 0.277252 0.998438
0 0.859309 0.24672 0.278974 0.492363
62 0.856582 0.857044 0.28434 0.283789
41 0.0193289 0.959493 0.0384136 0.0785973
41 0.0671119 0.839637 0.0671412 0.126713
41 0.0195887 0.877839 0.0381637 0.0758492
62 0.367488 0.621306 0.350208 0.30996
41 0.0191664 0.867873 0.0381633 0.0779488
41 0.0647513 0.830942 0.0616704 0.12299
65 0.186025 0.902534 0.139924 0.0629303
62 0.364518 0.610059 0.354794 0.318346
62 0.337769 0.574128 0.354394 0.32325
62 0.320807 0.565273 0.357421 0.318752
65 0.130355 0.857935 0.152178 0.0643771
62 0.317776 0.56457 0.35912 0.326518
65 0.133466 0.860092 0.151219 0.0671448
62 0.317904 0.56164 0.360565 0.327815
65 0.131326 0.860231 0.15628 0.0695197
62 0.319329 0.557672 0.364446 0.328377
65 0.133361 0.856739 0.156551 0.0668964
62 0.32009 0.557999 0.362386 0.329187
65 0.132241 0.853821 0.155835 0.0612572
62 0.321901 0.556063 0.36318 0.331051
65 0.128972 0.856614 0.15644 0.0666285
62 0.318922 0.554935 0.360749 0.332652
65 0.129998 0.860557 0.147561 0.0708921
65 0.123973 0.857368 0.151845 0.0647428
62 0.31109 0.558887 0.360371 0.334278
65 0.123792 0.857526 0.150787 0.0664769
62 0.310094 0.558463 0.362703 0.331822
65 0.126328 0.858428 0.144001 0.0671181
62 0.308147 0.557256 0.357857 0.327719
65 0.123461 0.864751 0.144268 0.0648923
62 0.308767 0.56531 0.363652 0.330836
65 0.125733 0.863434 0.14246 0.0624395
65 0.123573 0.86575 0.144821 0.0639455
65 0.12511 0.868739 0.14639 0.0641037
65 0.12458 0.868956 0.143 0.0620017
65 0.117789 0.876379 0.152619 0.0720646
65 0.113456 0.880887 0.158354 0.0683257
62 0.297461 0.587717 0.368713 0.333636
63 0.311636 0.677524 0.42047 0.497983
65 0.0984449 0.917222 0.147115 0.0708326
65 0.0962873 0.918244 0.148137 0.0712606
63 0.258768 0.618982 0.378421 0.325709
62 0.765942 0.626667 0.464926 0.740959
62 0.760239 0.637648 0.477157 0.719646
62 0.7274 0.628695 0.5452 0.733318
62 0.711254 0.637396 0.568808 0.721903
62 0.732238 0.634513 0.532895 0.727582
62 0.73304 0.60443 0.531746 0.787347
62 0.106776 0.814544 0.21298 0.369945
62 0.757509 0.605886 0.484982 0.784592
62 0.189192 0.793744 0.376705 0.409805
62 0.230018 0.797631 0.458218 0.402948
62 0.269769 0.788796 0.53855 0.420651
62 0.401337 0.766057 0.606509 0.467493
62 0.505664 0.759136 0.666678 0.480872
62 0.5986 0.724314 0.667701 0.541344
62 0.528186 0.70286 0.523284 0.524656
62 0.624546 0.672632 0.710702 0.652526
62 0.627032 0.63711 0.73439 0.724024
63 0.630498 0.63594 0.738986 0.724917
63 0.635263 0.613127 0.729474 0.771112
62 0.635131 0.618376 0.712672 0.763247
63 0.640799 0.611941 0.718402 0.776118
62 0.633996 0.61555 0.725533 0.763663
63 0.637108 0.593767 0.715874 0.810846
62 0.655776 0.534582 0.682061 0.666579
63 0.652379 0.555306 0.684533 0.883088
63 0.647945 0.512897 0.691009 0.968385
67 0.650803 0.49861 0.695114 0.99678
63 0.652892 0.498782 0.690724 0.997565
63 0.602467 0.503194 0.795066 0.988389
63 0.63638 0.5 0.72724 1
63 0.65951 0.501577 0.675067 0.990769
63 0.652931 0.578124 0.689877 0.842892
63 0.668581 0.574808 0.659332 0.841792
62 0.679186 0.56668 0.641628 0.822971
63 0.643061 0.555507 0.702711 0.884679
62 0.675644 0.543342 0.648712 0.853661
62 0.672238 0.501057 0.655525 0.827754
63 0.652433 0.534644 0.688914 0.927553
63 0.623129 0.534898 0.744298 0.927605
62 0.669816 0.499174 0.659158 0.824315
62 0.663429 0.5155 0.672847 0.891807
63 0.641755 0.500828 0.716234 0.993836
62 0.625618 0.50862 0.746534 0.976218
62 0.631961 0.503446 0.730118 0.983942
63 0.640232 0.499725 0.719129 0.999451
63 0.639641 0.498592 0.71736 0.997184
63 0.641459 0.497587 0.713515 0.995175
63 0.614001 0.489552 0.767551 0.97765
63 0.604371 0.470849 0.787592 0.941365
62 0.657571 0.116548 0.680817 0.231888
45 0.902942 0.718243 0.192974 0.109329
63 0.677307 0.455135 0.641855 0.909158
79 0.429034 0.697853 0.390152 0.178708
62 0.746181 0.210651 0.504718 0.419975
63 0.739244 0.474059 0.520313 0.948117
62 0.752188 0.209164 0.494501 0.418327
63 0.750098 0.211049 0.497503 0.422098
63 0.75455 0.208449 0.488634 0.410079
63 0.753893 0.20289 0.490077 0.40578
63 0.743222 0.467708 0.510948 0.934974
62 0.755874 0.20381 0.48634 0.405667
62 0.75655 0.201508 0.485357 0.403016
63 0.74697 0.447891 0.503776 0.894263
63 0.754082 0.201107 0.489569 0.402213
62 0.752854 0.204496 0.492236 0.406845
62 0.749478 0.208447 0.499324 0.415323
63 0.741345 0.456839 0.515453 0.913678
62 0.74849 0.211615 0.500262 0.421179
62 0.741734 0.208677 0.513807 0.416483
63 0.593238 0.44252 0.811025 0.874849
62 0.673543 0.228977 0.651169 0.457163
61 0.671924 0.503818 0.592419 0.989101
61 0.312295 0.529966 0.616475 0.931639
72 0.478334 0.5 0.496162 1
62 0.121453 0.335938 0.241959 0.669609
62 0.129258 0.335968 0.257625 0.670166
0 0.859549 0.497031 0.279454 0.990648
0 0.850129 0.497698 0.298653 0.991793
0 0.831262 0.496979 0.333704 0.993776
0 0.826227 0.498823 0.345837 0.996668
0 0.829451 0.495711 0.339448 0.98975
0 0.863614 0.460441 0.270681 0.917779
0 0.86113 0.497159 0.276229 0.994319
0 0.824038 0.499165 0.350319 0.99833
0 0.805761 0.495374 0.385907 0.990158
79 0.543787 0.617325 0.178596 0.716904
79 0.526942 0.513109 0.184723 0.796388
79 0.556447 0.488696 0.210408 0.828348
0 0.801558 0.495218 0.396063 0.987442
79 0.563363 0.492152 0.212136 0.843756
0 0.796989 0.492883 0.405168 0.98088
79 0.576619 0.488329 0.212724 0.858983
0 0.803724 0.495115 0.391749 0.990229
79 0.578439 0.48107 0.203762 0.830283
0 0.808578 0.494372 0.382139 0.988744
79 0.576594 0.511013 0.202433 0.811097
0 0.808604 0.481675 0.382035 0.963349
79 0.573786 0.532261 0.208637 0.815336
0 0.812215 0.493709 0.373936 0.987417
77 0.448193 0.720178 0.137174 0.304808
79 0.573384 0.554564 0.202427 0.81891
77 0.447485 0.728243 0.133933 0.30849
0 0.805198 0.49532 0.387548 0.990641
79 0.568893 0.582467 0.197105 0.815737
0 0.809471 0.494033 0.379263 0.988066
39 0.568291 0.579038 0.198157 0.810374
79 0.567174 0.602581 0.196375 0.794824
0 0.825515 0.491684 0.348208 0.983369
39 0.567898 0.602204 0.198456 0.795592
79 0.563738 0.615143 0.207161 0.769713
0 0.809433 0.5 0.379132 1
39 0.564257 0.615657 0.206443 0.768685
79 0.564192 0.623773 0.214421 0.752454
0 0.824055 0.494767 0.350168 0.989533
79 0.562468 0.621774 0.207234 0.756451
0 0.823387 0.494636 0.351713 0.989271
79 0.56347 0.619039 0.211018 0.761921
0 0.813665 0.499243 0.372248 0.997133
0 0.686262 0.5 0.62655 1
79 0.562613 0.62047 0.212115 0.75906
0 0.814716 0.497858 0.368682 0.995716
79 0.560035 0.62105 0.214346 0.757899
79 0.558204 0.61904 0.213197 0.76192
0 0.818842 0.491818 0.36055 0.983636
77 0.442117 0.792503 0.116614 0.272772
79 0.557887 0.619049 0.211592 0.761681
0 0.813641 0.49942 0.37184 0.996844
79 0.554022 0.618428 0.208353 0.763144
0 0.821092 0.493866 0.355956 0.987733
79 0.55047 0.619022 0.206127 0.761955
0 0.814763 0.495889 0.368327 0.991777
79 0.546533 0.623095 0.205577 0.75381
0 0.813354 0.492578 0.371633 0.985156
79 0.540917 0.628236 0.204592 0.742569
0 0.808031 0.495815 0.381494 0.99163
79 0.538396 0.632164 0.21129 0.733005
0 0.806656 0.496237 0.38424 0.992474
79 0.538554 0.642842 0.216889 0.714064
0 0.80423 0.496733 0.389523 0.993466
79 0.530963 0.654654 0.214503 0.687217
0 0.801265 0.493965 0.395615 0.987929
79 0.521708 0.654824 0.21133 0.689531
0 0.794924 0.49423 0.408136 0.988459
79 0.517871 0.652545 0.216845 0.693662
0 0.792417 0.497669 0.412585 0.995337
0 0.789891 0.495297 0.418283 0.990593
79 0.513387 0.647451 0.214736 0.704829
79 0.513838 0.626859 0.215368 0.741214
0 0.79175 0.48997 0.414807 0.967511
0 0.794654 0.489022 0.408905 0.978044
79 0.518879 0.593624 0.212431 0.765196
67 0.518439 0.591564 0.209427 0.756103
0 0.796491 0.485576 0.405445 0.971152
79 0.518521 0.596709 0.207536 0.780479
67 0.517712 0.594762 0.205993 0.779818
79 0.508431 0.617849 0.191837 0.762109
0 0.789598 0.488157 0.419366 0.976315
79 0.485841 0.629026 0.1858 0.74125
0 0.779373 0.494788 0.440599 0.989576
79 0.471904 0.629533 0.17774 0.739322
0 0.771771 0.476995 0.456437 0.944197
79 0.478288 0.6321 0.170142 0.731157
0 0.773012 0.481542 0.453976 0.961008
79 0.481366 0.632405 0.169893 0.731003
0 0.77514 0.486977 0.44972 0.973955
79 0.493034 0.631654 0.167266 0.732168
0 0.77832 0.481088 0.442913 0.962176
79 0.512916 0.583356 0.159757 0.694751
0 0.788707 0.416106 0.421945 0.832213
0 0.79679 0.392928 0.40642 0.785856
79 0.537818 0.549477 0.155939 0.653555
0 0.807686 0.502598 0.382563 0.476383
0 0.807061 0.504966 0.383419 0.450996
65 0.549309 0.569846 0.133723 0.588066
39 0.549819 0.572656 0.130065 0.586694
0 0.791876 0.511519 0.414849 0.471952
0 0.791672 0.512634 0.414473 0.479477
39 0.549353 0.576541 0.128067 0.593242
15 0.791268 0.521126 0.416514 0.48322
79 0.551004 0.599183 0.134432 0.616264
79 0.552035 0.601396 0.134759 0.621579
0 0.795615 0.526388 0.406856 0.494611
15 0.795721 0.528964 0.406939 0.493692
79 0.543217 0.606386 0.139122 0.627869
0 0.790837 0.525269 0.416229 0.502428
79 0.541502 0.601058 0.139767 0.62252
65 0.542248 0.600645 0.142439 0.628706
65 0.538122 0.590048 0.139563 0.630963
15 0.79026 0.523987 0.418965 0.49643
65 0.534503 0.586804 0.141551 0.633023
79 0.533852 0.581249 0.140825 0.626595
0 0.787598 0.522358 0.423361 0.507194
65 0.533956 0.58569 0.140554 0.630493
79 0.532715 0.579996 0.139451 0.625472
0 0.785877 0.515813 0.426345 0.499014
65 0.530003 0.582243 0.141549 0.630148
65 0.524794 0.573402 0.141463 0.623751
0 0.781717 0.511593 0.434706 0.502406
65 0.52394 0.572741 0.143892 0.62921
15 0.781764 0.508088 0.435651 0.489207
65 0.527604 0.57632 0.142066 0.634148
0 0.783626 0.509976 0.431343 0.501249
65 0.532353 0.565485 0.14172 0.632316
0 0.786265 0.506552 0.425662 0.496144
65 0.535275 0.557925 0.144836 0.640037
0 0.787303 0.502493 0.42309 0.490893
15 0.793174 0.496016 0.411513 0.486041
0 0.79434 0.496824 0.408547 0.487242
79 0.563936 0.534356 0.161667 0.683435
0 0.807735 0.497976 0.382873 0.488411
79 0.580393 0.540429 0.173772 0.738419
65 0.57993 0.54515 0.176545 0.740483
79 0.585279 0.560133 0.183812 0.804843
15 0.823424 0.50885 0.352024 0.513458
79 0.586515 0.571911 0.193965 0.840438
15 0.835606 0.552783 0.328212 0.576505
79 0.590763 0.56582 0.221271 0.861323
79 0.60262 0.551055 0.253436 0.891718
15 0.850744 0.579835 0.297403 0.620766
15 0.861853 0.600428 0.275624 0.691743
36 0.605359 0.529668 0.281965 0.93961
36 0.598776 0.509295 0.317015 0.978251
15 0.869055 0.588813 0.260637 0.666845
0 0.861739 0.611323 0.274611 0.763859
37 0.568201 0.501386 0.297341 0.991735
0 0.8497 0.594023 0.298996 0.792349
0 0.846624 0.591828 0.305763 0.776231
37 0.568887 0.501483 0.298647 0.991917
15 0.850987 0.608828 0.296864 0.779918
16 0.850272 0.607363 0.298211 0.78414
36 0.561968 0.516786 0.280569 0.959596
37 0.562145 0.516145 0.283484 0.963867
16 0.843566 0.606169 0.312478 0.776327
16 0.833 0.583406 0.33297 0.732258
15 0.832391 0.579691 0.334456 0.743806
16 0.826266 0.588255 0.346989 0.72576
16 0.821615 0.594602 0.356288 0.723831
17 0.821135 0.583123 0.356355 0.723824
37 0.545084 0.552121 0.234632 0.888089
16 0.821207 0.593976 0.357585 0.713768
16 0.81907 0.579116 0.360776 0.682979
36 0.548611 0.567542 0.234294 0.862635
16 0.822214 0.59336 0.354441 0.69722
36 0.554428 0.574679 0.229513 0.847418
79 0.554692 0.560138 0.231875 0.871805
16 0.824788 0.575728 0.349176 0.659981
79 0.552038 0.570604 0.228044 0.8534
16 0.822553 0.612327 0.353758 0.746909
16 0.823108 0.579051 0.353178 0.669278
79 0.554801 0.556564 0.230041 0.879194
36 0.554887 0.563947 0.229013 0.868306
16 0.824256 0.570615 0.350288 0.645318
79 0.55584 0.526572 0.231293 0.939179
36 0.555636 0.557066 0.229793 0.883739
79 0.556507 0.552701 0.231134 0.887095
16 0.824969 0.58349 0.349751 0.672674
37 0.557015 0.556162 0.230541 0.884943
16 0.819189 0.576864 0.360517 0.656334
39 0.550535 0.578512 0.226756 0.839728
79 0.550356 0.576437 0.226937 0.840874
36 0.550792 0.579556 0.226726 0.836981
16 0.817968 0.604731 0.363666 0.720179
79 0.547228 0.581847 0.223871 0.829538
37 0.547501 0.582951 0.223958 0.832008
16 0.81809 0.589085 0.363515 0.686959
79 0.544364 0.583255 0.221759 0.826864
36 0.544696 0.584477 0.221633 0.828168
79 0.544577 0.585723 0.221901 0.822077
16 0.817083 0.60239 0.365454 0.706723
39 0.544434 0.587381 0.2226 0.821721
16 0.817122 0.58646 0.364743 0.680465
79 0.545086 0.584924 0.224062 0.823366
16 0.823167 0.577281 0.353087 0.655698
79 0.555419 0.584835 0.223248 0.824482
79 0.561681 0.581018 0.223011 0.830549
16 0.816965 0.622874 0.365094 0.737519
0 0.889037 0.575452 0.221023 0.504158
15 0.919232 0.641107 0.160217 0.464071
0 0.817311 0.630006 0.364975 0.732779
39 0.612306 0.884543 0.0839911 0.229409
39 0.568579 0.901764 0.0748437 0.195089
39 0.488744 0.922916 0.0686089 0.152551
39 0.433844 0.93033 0.0722498 0.138425
39 0.40498 0.92932 0.0712762 0.140572
0 0.71848 0.501932 0.55929 0.996135
0 0.707703 0.5 0.581161 1
39 0.380551 0.935822 0.0649095 0.127146
0 0.716942 0.501565 0.560166 0.996869
39 0.370102 0.938321 0.0674118 0.122396
0 0.693824 0.499775 0.609907 0.99955
39 0.366295 0.941104 0.0635527 0.116579
0 0.720618 0.501123 0.555221 0.997754
39 0.365018 0.943844 0.0648282 0.111469
39 0.362973 0.947703 0.065497 0.103708
0 0.721449 0.50116 0.554433 0.993306
0 0.827932 0.501237 0.342295 0.990534
0 0.721428 0.501805 0.554416 0.995162
39 0.356697 0.946669 0.0647418 0.105323
0 0.720435 0.500479 0.555965 0.994569
39 0.35487 0.947887 0.066733 0.103286
0 0.824712 0.498997 0.34795 0.996718
0 0.721584 0.50045 0.554131 0.996404
39 0.353874 0.947993 0.0680522 0.103179
0 0.720854 0.499108 0.555334 0.996452
39 0.353402 0.948236 0.0652032 0.102911
0 0.725283 0.500067 0.545887 0.997813
39 0.352339 0.948298 0.0662963 0.103017
0 0.822835 0.502737 0.352125 0.987516
0 0.80696 0.496864 0.383684 0.991645
39 0.351932 0.948439 0.0672717 0.102436
39 0.352126 0.948229 0.0663896 0.102624
39 0.350696 0.947375 0.0694959 0.104346
39 0.351585 0.947877 0.0662019 0.103319
39 0.351052 0.94821 0.0713522 0.10259
0 0.688685 0.504732 0.622521 0.990001
39 0.351839 0.947667 0.0664156 0.103235
0 0.6901 0.504978 0.618613 0.990044
39 0.350885 0.948129 0.0680346 0.102762
0 0.693706 0.510571 0.610715 0.973212
39 0.35346 0.947699 0.0663746 0.103674
0 0.697821 0.508769 0.603751 0.97754
39 0.352227 0.948095 0.066018 0.102785
39 0.352202 0.947419 0.0660665 0.104247
15 0.707483 0.497433 0.583882 0.994866
39 0.352461 0.948171 0.0657917 0.102747
39 0.352072 0.947335 0.0652455 0.104373
0 0.718843 0.499721 0.560924 0.999442
39 0.35197 0.947583 0.0698925 0.10395
0 0.855515 0.495876 0.286933 0.989458
39 0.350903 0.947615 0.0654417 0.103702
39 0.352088 0.947205 0.0681578 0.104695
39 0.351631 0.945953 0.0668505 0.107177
39 0.350829 0.947835 0.0717211 0.10321
39 0.35315 0.946925 0.0662445 0.105526
0 0.748991 0.256149 0.499596 0.509393
39 0.352742 0.9479 0.0661051 0.103171
0 0.724505 0.199946 0.547813 0.396519
14 0.724122 0.200285 0.551757 0.396318
39 0.352586 0.947337 0.0647458 0.104607
0 0.723989 0.189654 0.549673 0.378265
39 0.351597 0.945832 0.0677583 0.107438
0 0.72206 0.187264 0.553369 0.37356
39 0.351454 0.947392 0.0674359 0.104307
0 0.72114 0.181923 0.555333 0.361784
39 0.352146 0.947321 0.0652424 0.104866
39 0.352668 0.947564 0.0657941 0.103925
0 0.723104 0.177493 0.551744 0.354463
0 0.718341 0.174302 0.561564 0.348096
39 0.351523 0.946544 0.0673833 0.105989
0 0.712638 0.172219 0.573272 0.343838
39 0.352748 0.948739 0.0664042 0.102233
0 0.707641 0.170468 0.583419 0.340496
39 0.352823 0.948029 0.0660545 0.102804
39 0.352717 0.947433 0.0661099 0.104221
0 0.700291 0.17092 0.59867 0.34174
39 0.353746 0.947518 0.0686865 0.104092
0 0.704355 0.170246 0.59129 0.330124
39 0.352482 0.948039 0.0672504 0.102519
0 0.693608 0.175064 0.611795 0.337198
76 0.514206 0.439747 0.157973 0.264323
39 0.351477 0.94785 0.0667212 0.103383
39 0.352953 0.947525 0.068001 0.103496
0 0.691631 0.188457 0.616738 0.37504
39 0.352396 0.947274 0.0679332 0.104547
0 0.694165 0.185237 0.611401 0.368681
76 0.512521 0.479282 0.14491 0.24485
39 0.352531 0.947039 0.0651663 0.104996
39 0.352953 0.94671 0.0651744 0.106019
0 0.69141 0.186455 0.617079 0.369948
0 0.69053 0.181504 0.61894 0.360173
39 0.351213 0.946731 0.0677129 0.105552
0 0.689478 0.179117 0.620342 0.355689
39 0.352542 0.947282 0.0648212 0.104522
0 0.691562 0.178378 0.616564 0.354941
39 0.353272 0.947442 0.0670554 0.10455
0 0.691614 0.179115 0.616714 0.356248
39 0.351342 0.94742 0.0690556 0.103775
39 0.353015 0.946852 0.0651753 0.10491
0 0.685689 0.177036 0.628317 0.351278
39 0.351872 0.947001 0.0659413 0.105071
76 0.479516 0.517899 0.163806 0.360676
39 0.353001 0.947316 0.0654173 0.104787
0 0.689555 0.178162 0.620678 0.354755
39 0.352393 0.946584 0.0657178 0.106364
39 0.352548 0.94649 0.0658175 0.106666
0 0.692292 0.177021 0.612462 0.352947
76 0.482686 0.442618 0.180884 0.337911
39 0.353586 0.946984 0.0669332 0.105495
0 0.689671 0.190117 0.620658 0.379352
39 0.352232 0.947549 0.0673287 0.103976
0 0.692924 0.186944 0.614152 0.371622
39 0.352675 0.946021 0.0646713 0.107199
39 0.352078 0.946495 0.0659546 0.106537
0 0.696437 0.189568 0.607125 0.376777
39 0.352305 0.947839 0.072502 0.10347
0 0.704308 0.213943 0.588929 0.425398
39 0.35252 0.947785 0.0665298 0.102958
39 0.351564 0.948009 0.0659765 0.103039
39 0.353213 0.947824 0.0670256 0.103459
39 0.352996 0.946359 0.0653145 0.10637
39 0.352558 0.946952 0.0682532 0.105256
39 0.352099 0.947851 0.0674815 0.10313
39 0.352384 0.946798 0.0653606 0.106031
39 0.352294 0.946679 0.0661288 0.105723
39 0.351984 0.948046 0.0661586 0.102995
39 0.352127 0.946716 0.0664456 0.105497
39 0.35366 0.948094 0.0653906 0.103333
39 0.352048 0.947784 0.0653943 0.103508
39 0.352697 0.947317 0.0653491 0.104431
39 0.35277 0.946999 0.0667914 0.105363
0 0.693757 0.498657 0.609974 0.997314
39 0.352012 0.948276 0.0634161 0.10247
0 0.662784 0.499709 0.674431 0.99844
0 0.68765 0.499992 0.623895 0.999985
39 0.34794 0.947375 0.0658331 0.104995
0 0.717489 0.500946 0.562309 0.998109
39 0.349196 0.941557 0.0655669 0.115684
0 0.690122 0.49963 0.614408 0.99926
0 0.693105 0.491131 0.61379 0.982262
0 0.715677 0.50147 0.565892 0.997059
39 0.404165 0.853408 0.0818833 0.289705
0 0.739712 0.473352 0.518371 0.946704
39 0.458813 0.813543 0.0939358 0.372913
0 0.752988 0.492525 0.492554 0.985049
39 0.472125 0.772746 0.0989641 0.448056
0 0.749412 0.453409 0.499076 0.906818
39 0.470783 0.768541 0.0987659 0.451132
0 0.750031 0.457139 0.497592 0.911754
79 0.470184 0.758111 0.100258 0.467045
39 0.470214 0.756036 0.0995985 0.463325
0 0.751303 0.425083 0.493979 0.850165
39 0.471899 0.765113 0.10065 0.460171
0 0.749393 0.455295 0.499407 0.909643
39 0.472258 0.767186 0.100042 0.461272
0 0.74846 0.434478 0.499961 0.868883
39 0.471655 0.775303 0.0990152 0.449393
0 0.750515 0.443232 0.496123 0.886463
39 0.470907 0.775645 0.0992014 0.44871
0 0.749193 0.440874 0.499625 0.881748
39 0.46913 0.775657 0.0992155 0.448687
0 0.747525 0.422925 0.50033 0.84585
39 0.466977 0.776211 0.0995485 0.447578
0 0.747924 0.421085 0.499813 0.84217
39 0.467601 0.775584 0.0989991 0.448832
0 0.75061 0.479163 0.496298 0.958327
0 0.747222 0.436129 0.503108 0.872258
39 0.465138 0.776034 0.0999993 0.447932
0 0.745794 0.420609 0.50258 0.841219
39 0.465204 0.774993 0.100747 0.450013
0 0.747718 0.423122 0.502565 0.846244
39 0.468108 0.774261 0.102007 0.451477
0 0.749933 0.423645 0.496518 0.847289
79 0.469248 0.773905 0.102303 0.451951
39 0.468712 0.771908 0.101888 0.456185
0 0.753951 0.495641 0.489691 0.990826
79 0.466823 0.759426 0.109621 0.480874
39 0.466513 0.759581 0.109444 0.479612
79 0.466358 0.754013 0.111497 0.491974
0 0.747706 0.489153 0.501887 0.973388
79 0.460506 0.736446 0.12035 0.52682
0 0.746207 0.473624 0.504448 0.943671
79 0.458877 0.722141 0.126923 0.555719
0 0.747805 0.491291 0.502036 0.980068
79 0.460593 0.718259 0.129395 0.563453
0 0.751177 0.496398 0.494546 0.990085
79 0.463422 0.717138 0.131538 0.565565
0 0.753602 0.417317 0.487396 0.834635
79 0.465132 0.716742 0.133014 0.566385
0 0.755284 0.469173 0.486399 0.936856
79 0.465963 0.716211 0.134083 0.567311
0 0.754687 0.447979 0.486009 0.895005
79 0.467141 0.716504 0.134576 0.566763
0 0.754563 0.464011 0.486632 0.925981
79 0.468011 0.719244 0.134044 0.561511
0 0.752639 0.470795 0.490542 0.940084
79 0.467647 0.720899 0.133871 0.558087
0 0.757947 0.429034 0.481557 0.856239
79 0.467234 0.723447 0.135455 0.552764
0 0.757872 0.451944 0.481903 0.899936
79 0.467203 0.72446 0.134144 0.550974
0 0.752948 0.489701 0.489334 0.977241
0 0.752347 0.485528 0.492445 0.967004
39 0.466263 0.730874 0.136224 0.538253
79 0.466544 0.731728 0.134831 0.535683
79 0.467749 0.734828 0.133099 0.530159
0 0.757739 0.469463 0.484523 0.937097
79 0.467259 0.735866 0.133739 0.527773
0 0.75026 0.468197 0.496654 0.933047
39 0.467415 0.735929 0.136053 0.527179
79 0.463484 0.744502 0.130425 0.510435
0 0.756617 0.475915 0.485297 0.95183
0 0.747962 0.452133 0.504075 0.901706
39 0.455864 0.760151 0.12661 0.478098
79 0.456336 0.759849 0.127073 0.478345
79 0.440094 0.786797 0.128678 0.424564
0 0.733763 0.47948 0.532474 0.958959
39 0.435941 0.7852 0.119283 0.4296
0 0.717643 0.486113 0.562536 0.972226
39 0.423184 0.818595 0.122563 0.362811
39 0.410765 0.846476 0.0956742 0.30566
0 0.699939 0.495498 0.599779 0.990996
39 0.417869 0.859644 0.0865216 0.279516
0 0.704733 0.493424 0.585323 0.986848
0 0.711407 0.499197 0.5719 0.993737
39 0.428598 0.874297 0.0720213 0.251394
0 0.719132 0.49877 0.555227 0.994729
39 0.443364 0.896493 0.0659016 0.206648
0 0.717764 0.500868 0.562754 0.997943
0 0.83301 0.774188 0.145765 0.451107
0 0.833614 0.776879 0.149122 0.445387
0 0.723923 0.5 0.547601 1
39 0.453618 0.923415 0.061911 0.152947
0 0.725764 0.498364 0.537328 0.996728
0 0.837785 0.787399 0.151309 0.424576
79 0.45266 0.930739 0.065531 0.137249
39 0.452317 0.930766 0.0653924 0.138068
0 0.718751 0.502324 0.55636 0.995352
16 0.835899 0.805447 0.150143 0.388775
0 0.834924 0.805815 0.149817 0.387526
39 0.45169 0.937974 0.0663428 0.123005
0 0.740226 0.5 0.515621 1
0 0.762724 0.501498 0.47233 0.997004
39 0.449692 0.947783 0.0694149 0.103278
0 0.748313 0.500469 0.501172 0.999062
39 0.441465 0.949248 0.0673288 0.101268
0 0.743651 0.499621 0.510324 0.998766
39 0.433927 0.947354 0.0666763 0.104479
0 0.755512 0.498482 0.486845 0.996964
39 0.433608 0.947203 0.0646646 0.10471
0 0.84149 0.499753 0.31622 0.996301
0 0.852059 0.497242 0.294629 0.992322
0 0.851751 0.41815 0.295675 0.835452
0 0.849665 0.396228 0.299342 0.79132
0 0.821853 0.500449 0.354555 0.997819
39 0.43392 0.947595 0.0681379 0.103973
0 0.825433 0.499895 0.347972 0.996749
39 0.434223 0.947888 0.0674347 0.103457
0 0.805198 0.812163 0.113864 0.375248
0 0.799332 0.772704 0.126324 0.453427
39 0.433461 0.947242 0.0676895 0.104074
0 0.786384 0.754563 0.137111 0.490443
39 0.433618 0.947909 0.0685492 0.103364
0 0.780249 0.746774 0.125564 0.505368
0 0.773717 0.740568 0.112935 0.518302
0 0.774323 0.739842 0.110934 0.518265
0 0.861151 0.500333 0.275186 0.992877
39 0.43465 0.94943 0.0665593 0.100101
0 0.491462 0.499862 0.835073 0.996009
0 0.656645 0.497559 0.681404 0.993776
0 0.618713 0.50321 0.756535 0.991956
37 0.269548 0.499394 0.286898 0.994333
0 0.642525 0.498819 0.708561 0.997229
0 0.58943 0.503555 0.81447 0.985411
0 0.609604 0.503986 0.776189 0.986979
15 0.578551 0.50041 0.828713 0.994535
0 0.600657 0.501949 0.788839 0.996102
0 0.530464 0.499542 0.938575 0.995081
0 0.515866 0.498937 0.950787 0.997813
0 0.501771 0.501549 0.995005 0.996166
0 0.501894 0.501955 0.995441 0.992571
0 0.530029 0.499234 0.935318 0.987077
0 0.501615 0.499402 0.996769 0.998804
0 0.527127 0.501644 0.944859 0.989495
27 0.565122 0.972354 0.229785 0.0544973
0 0.618569 0.510254 0.732205 0.979492
0 0.502742 0.512983 0.945895 0.970713
0 0.616017 0.520405 0.64993 0.953249
0 0.521927 0.499112 0.941469 0.998224
0 0.589068 0.503249 0.519187 0.993501
0 0.526955 0.503069 0.926382 0.989855
0 0.502079 0.500792 0.960765 0.995501
0 0.55899 0.505273 0.674832 0.982423
0 0.529337 0.502671 0.908761 0.991668
0 0.518161 0.506239 0.933737 0.984102
0 0.496698 0.499303 0.985844 0.998605
0 0.496953 0.499122 0.980324 0.998245
0 0.507589 0.50013 0.961211 0.997295
0 0.458183 0.500662 0.915182 0.996364
0 0.459925 0.501935 0.908732 0.991797
67 0.50085 0.432246 0.0622651 0.14277
0 0.501816 0.501558 0.988262 0.992567
79 0.578307 0.369497 0.0605625 0.168062
0 0.499653 0.509103 0.993041 0.973156
0 0.499311 0.503575 0.994654 0.988904
0 0.498695 0.503001 0.996647 0.990543
0 0.499285 0.500306 0.993603 0.997955
0 0.49792 0.503175 0.995002 0.99365
0 0.498317 0.677045 0.995007 0.641493
0 0.498427 0.499649 0.98721 0.992542
0 0.50004 0.49978 0.995226 0.99956
0 0.499492 0.50774 0.998263 0.976861
0 0.694368 0.500346 0.606252 0.991104
0 0.73909 0.499558 0.517891 0.999115
0 0.502196 0.758816 0.812471 0.479179
0 0.83509 0.493399 0.32903 0.966457
0 0.808077 0.499631 0.383123 0.990938
0 0.459185 0.50053 0.861406 0.997646
0 0.432952 0.502672 0.818959 0.993073
0 0.443843 0.50297 0.811158 0.993404
0 0.439493 0.504189 0.838461 0.986163
0 0.397218 0.506182 0.789205 0.980579
0 0.476115 0.600535 0.915791 0.797279
0 0.410732 0.662779 0.764318 0.672208
47 0.599039 0.580056 0.191644 0.283165
0 0.455726 0.676953 0.818155 0.64448
32 0.614993 0.578671 0.189226 0.257824
47 0.614249 0.578743 0.188421 0.260244
0 0.398129 0.664937 0.704474 0.667898
47 0.632466 0.542303 0.198057 0.268359
0 0.404712 0.64522 0.712262 0.707782
47 0.646088 0.508269 0.198778 0.274171
0 0.387791 0.66446 0.716766 0.669465
32 0.619321 0.509384 0.196681 0.2623
47 0.629659 0.506584 0.219905 0.269526
0 0.796695 0.562312 0.404656 0.869118
0 0.407655 0.668045 0.741806 0.66298
47 0.597062 0.514264 0.188966 0.258125
0 0.754417 0.568133 0.487628 0.860581
0 0.3882 0.671708 0.706081 0.655013
32 0.591019 0.514807 0.191253 0.259367
0 0.398632 0.659643 0.727968 0.6782
47 0.553538 0.503687 0.186619 0.252261
0 0.4366 0.661156 0.813271 0.676262
39 0.553679 0.503343 0.186892 0.251573
0 0.379102 0.659374 0.705146 0.678911
39 0.568778 0.493727 0.190219 0.253812
47 0.567877 0.493872 0.188248 0.25458
0 0.381742 0.651482 0.714331 0.694473
39 0.587533 0.486601 0.189223 0.258495
0 0.378565 0.645586 0.72543 0.708151
39 0.583278 0.482432 0.191628 0.262989
0 0.380401 0.644144 0.73878 0.711054
39 0.582356 0.480807 0.192107 0.261371
39 0.583514 0.476343 0.193052 0.262919
0 0.424567 0.644609 0.828025 0.70985
0 0.370732 0.648299 0.72031 0.70257
39 0.5757 0.478795 0.190325 0.261214
47 0.575733 0.479141 0.1925 0.2619
0 0.396775 0.651345 0.768031 0.696324
39 0.567289 0.483393 0.191882 0.260282
0 0.422517 0.651724 0.809679 0.695438
39 0.560814 0.480396 0.189275 0.260763
0 0.407634 0.651098 0.792642 0.6964
39 0.550963 0.480729 0.195063 0.26226
0 0.364861 0.643942 0.708154 0.709888
32 0.551655 0.46174 0.201936 0.265483
39 0.552324 0.460928 0.202236 0.265637
0 0.366948 0.637334 0.709877 0.723037
47 0.551103 0.453953 0.19336 0.269393
39 0.551788 0.451982 0.190402 0.268993
0 0.383298 0.643269 0.708272 0.712828
47 0.562714 0.450149 0.198004 0.268657
0 0.375477 0.63641 0.705853 0.725289
47 0.572501 0.44613 0.205462 0.273348
32 0.573024 0.446165 0.205977 0.274613
0 0.375825 0.643168 0.705521 0.711655
47 0.56939 0.444776 0.199689 0.275735
32 0.571447 0.444917 0.201652 0.276422
47 0.571234 0.439302 0.206598 0.280091
0 0.398271 0.638868 0.749261 0.720891
0 0.384687 0.641502 0.718792 0.715144
47 0.559636 0.448994 0.210706 0.279952
0 0.435536 0.647678 0.81773 0.703291
47 0.548039 0.462323 0.206892 0.277592
0 0.435551 0.647605 0.816362 0.70371
47 0.551789 0.460604 0.212049 0.278793
0 0.409815 0.643255 0.766295 0.711941
47 0.55584 0.454515 0.21643 0.280189
0 0.413474 0.643253 0.769884 0.711391
47 0.552957 0.45732 0.229019 0.279783
0 0.437114 0.64659 0.831485 0.705239
0 0.43698 0.64665 0.830014 0.705815
47 0.520887 0.461427 0.206602 0.275344
47 0.515167 0.464999 0.210471 0.271928
0 0.414134 0.651669 0.782929 0.695806
0 0.418738 0.653413 0.796393 0.692527
47 0.524541 0.464364 0.203543 0.27674
0 0.364037 0.65096 0.676737 0.69626
32 0.536668 0.459474 0.206913 0.278234
47 0.534967 0.457951 0.204419 0.279527
0 0.382978 0.648519 0.731465 0.700976
47 0.528684 0.454651 0.207836 0.280115
0 0.366879 0.651609 0.686988 0.694802
32 0.522403 0.457864 0.207939 0.279547
0 0.414485 0.654431 0.796117 0.690434
47 0.523898 0.45926 0.203492 0.27991
0 0.413436 0.654831 0.778072 0.689222
47 0.526199 0.4597 0.208229 0.279234
32 0.526881 0.460953 0.209422 0.278207
0 0.418254 0.65435 0.794003 0.690903
47 0.521373 0.461213 0.203954 0.280889
0 0.372996 0.65084 0.705541 0.696475
47 0.510409 0.461058 0.20637 0.280578
0 0.41686 0.653133 0.803903 0.692505
32 0.504792 0.46152 0.206068 0.279846
47 0.504844 0.460234 0.204955 0.280103
0 0.391702 0.649131 0.752784 0.699804
47 0.501793 0.46072 0.207409 0.280147
0 0.413922 0.65405 0.792126 0.690275
47 0.499171 0.464866 0.209294 0.285997
32 0.500456 0.466556 0.212081 0.285626
0 0.394102 0.651295 0.746499 0.695286
47 0.495699 0.466402 0.205492 0.281505
32 0.496 0.46757 0.207443 0.28093
0 0.418519 0.654404 0.792942 0.690274
47 0.498454 0.466786 0.207452 0.282575
0 0.411471 0.654406 0.782289 0.690108
47 0.503759 0.467154 0.210318 0.284405
32 0.503265 0.468744 0.211155 0.283945
47 0.503492 0.462606 0.213808 0.282898
0 0.402057 0.650683 0.785504 0.696609
0 0.411405 0.649897 0.788209 0.698377
47 0.500159 0.463084 0.210281 0.285937
32 0.499614 0.464084 0.210865 0.285115
0 0.412659 0.649035 0.802871 0.700101
47 0.493388 0.461644 0.20623 0.282683
32 0.493687 0.4625 0.209031 0.283619
0 0.408755 0.651118 0.78069 0.695741
47 0.495596 0.466727 0.2086 0.285838
32 0.496245 0.467427 0.211973 0.286513
0 0.416712 0.654418 0.812194 0.690012
47 0.498931 0.466705 0.209249 0.284403
32 0.499195 0.467598 0.211715 0.283531
47 0.494997 0.473152 0.208184 0.286907
0 0.395635 0.652111 0.741058 0.693563
0 0.402428 0.651764 0.759862 0.693858
32 0.539549 0.489703 0.22858 0.290029
0 0.373031 0.644153 0.739585 0.708923
27 0.434776 0.98544 0.122022 0.0283287
0 0.385474 0.638936 0.766373 0.719459
0 0.408829 0.625733 0.815291 0.746159
67 0.301004 0.58152 0.0481614 0.0932854
0 0.932162 0.549408 0.134483 0.894029
0 0.442575 0.608886 0.883012 0.780452
0 0.488784 0.556825 0.927928 0.883487
0 0.499372 0.554366 0.937376 0.888296
0 0.518663 0.501507 0.957902 0.993796
0 0.516042 0.502155 0.967915 0.993143
0 0.512761 0.514288 0.963097 0.966939
0 0.51054 0.503408 0.916844 0.989031
0 0.507811 0.500214 0.923603 0.994607
0 0.527679 0.499506 0.925988 0.999012
0 0.496464 0.50036 0.67272 0.993847
0 0.628859 0.499652 0.736185 0.999304
0 0.610381 0.501466 0.775671 0.993126
0 0.671863 0.499373 0.651439 0.995203
0 0.641314 0.50116 0.714409 0.997677
0 0.616588 0.499947 0.763968 0.996751
0 0.593599 0.499092 0.797585 0.998185
0 0.57571 0.500431 0.84047 0.997949
0 0.574444 0.507229 0.848141 0.98063
0 0.510401 0.504076 0.95547 0.988264
0 0.417048 0.550252 0.834097 0.891475
0 0.507275 0.499581 0.903186 0.996202
0 0.516732 0.500594 0.964796 0.996127
0 0.506159 0.50032 0.983743 0.995262
75 0.299133 0.398985 0.55586 0.796842
0 0.384977 0.497508 0.766767 0.994638
0 0.364512 0.501255 0.728328 0.994737
75 0.189225 0.339995 0.377678 0.678739
0 0.309216 0.499596 0.614801 0.990067
56 0.882636 0.584574 0.234106 0.622513
76 0.270004 0.554395 0.184246 0.571109
43 0.903184 0.445579 0.192554 0.574449
79 0.903489 0.44756 0.191513 0.578103
56 0.278491 0.545848 0.231817 0.587879
43 0.911073 0.446929 0.176747 0.57358
56 0.281955 0.558332 0.229436 0.583472
56 0.916685 0.460281 0.165553 0.570477
56 0.277821 0.558344 0.237681 0.58401
43 0.914092 0.449983 0.171036 0.569262
56 0.279189 0.558796 0.242398 0.587494
43 0.913268 0.450243 0.172039 0.569369
56 0.288424 0.568085 0.238907 0.588299
43 0.913911 0.458722 0.171241 0.569791
56 0.913901 0.457039 0.17131 0.567504
56 0.269115 0.578474 0.235716 0.581579
43 0.911493 0.474436 0.175863 0.569324
56 0.271804 0.582249 0.233203 0.578316
43 0.910302 0.486141 0.178446 0.576874
43 0.910469 0.493461 0.177979 0.586842
56 0.278014 0.585308 0.229883 0.58374
56 0.277243 0.587798 0.208893 0.57937
43 0.908604 0.489299 0.181552 0.566715
56 0.278931 0.596448 0.203052 0.57392
43 0.903605 0.506252 0.191414 0.579037
56 0.277258 0.602002 0.195747 0.569027
43 0.898925 0.511065 0.200745 0.573903
56 0.897091 0.515477 0.204284 0.575662
56 0.281941 0.599484 0.185445 0.565643
56 0.286671 0.596733 0.197844 0.563481
56 0.897058 0.515028 0.204344 0.57413
56 0.274317 0.594643 0.167521 0.565354
56 0.289331 0.596417 0.19769 0.565128
56 0.896321 0.516564 0.205795 0.580078
56 0.287786 0.605248 0.19132 0.566956
43 0.893727 0.523551 0.212545 0.578936
43 0.891898 0.529509 0.216204 0.574839
56 0.294992 0.608967 0.19911 0.563787
56 0.27799 0.61982 0.147777 0.565291
56 0.891044 0.541198 0.2166 0.588881
43 0.89104 0.53967 0.217921 0.586195
56 0.89571 0.615705 0.206694 0.638266
79 0.856634 0.744083 0.107911 0.511834
15 0.128249 0.500307 0.255324 0.989576
15 0.223493 0.498719 0.446081 0.987948
15 0.355574 0.486788 0.501879 0.965657
0 0.480721 0.499713 0.893277 0.999425
0 0.45951 0.499612 0.91902 0.999224
0 0.44292 0.499789 0.881838 0.999579
0 0.44458 0.499766 0.88916 0.999533
0 0.447134 0.499788 0.894268 0.996637
0 0.490095 0.503858 0.465872 0.990897
0 0.479559 0.499855 0.944405 0.999609
75 0.582069 0.467494 0.470643 0.93369
4 0.107236 0.0679027 0.211 0.135754
0 0.494239 0.500552 0.984068 0.996098
0 0.489042 0.499903 0.972415 0.999806
0 0.630336 0.50011 0.72489 0.986447
0 0.484164 0.498333 0.967067 0.996665
